11
2
2
9 0 2 8 0 -1
7 2 2 4 0 2
tilted_haar_y4
-6.213791e-02 1 0
2
9 8 4 1 0 -1
10 9 2 1 0 2
tilted_haar_x4
4.230937e-03 -1 -2
-5.192640e-01 -4.419940e-01 6.822574e-01 
2
2
4 3 12 3 0 -1
7 3 6 3 0 2
haar_x4
4.728049e-02 0 1
2
11 9 8 2 0 -1
13 9 4 2 0 2
haar_x4
-3.236523e-02 -1 -2
-4.112955e-01 -4.207617e-01 3.491559e-02 
2
2
1 10 2 1 0 -1
2 10 1 1 0 2
haar_x2
5.053280e-05 0 1
2
9 5 2 3 0 -1
8 6 2 1 0 3
tilted_haar_y3
2.001035e-03 -1 -2
-4.194255e-01 5.257488e-01 -7.376080e-01 
2
2
6 0 7 3 0 -1
6 1 7 1 0 3
haar_y3
1.532125e-02 1 0
2
4 0 11 2 0 -1
4 1 11 1 0 2
haar_y2
1.978550e-02 -1 -2
4.180743e-01 -2.268793e-01 5.172050e-01 
2
3
2 15 4 4 0 -1
2 15 2 2 0 2
4 17 2 2 0 2
haar_x2_y2
4.021526e-03 1 0
2
3 15 13 4 0 -1
3 16 13 2 0 2
haar_y4
-1.921723e-02 -1 -2
3.379404e-01 1.489140e-01 -6.760288e-01 
2
2
10 5 3 8 0 -1
11 5 1 8 0 3
haar_x3
-3.208466e-02 1 0
2
0 5 19 2 0 -1
0 6 19 1 0 2
haar_y2
1.878196e-02 -1 -2
-6.904954e-02 -5.770695e-01 1.241242e-01 
2
2
6 5 3 8 0 -1
7 5 1 8 0 3
haar_x3
-1.660264e-03 1 0
2
9 6 1 3 0 -1
8 7 1 1 0 3
tilted_haar_y3
-6.722438e-03 -1 -2
-6.356867e-01 -7.162247e-01 3.055184e-01 
2
2
9 5 1 3 0 -1
9 6 1 1 0 3
haar_y3
-9.006158e-04 0 1
2
15 14 3 3 0 -1
15 15 3 1 0 3
haar_y3
2.529390e-03 -1 -2
-7.417230e-01 8.394894e-02 -4.386279e-01 
2
2
4 10 5 2 0 -1
4 11 5 1 0 2
haar_y2
-7.188100e-04 1 0
2
6 10 1 3 0 -1
5 11 1 1 0 3
tilted_haar_y3
-2.856534e-03 -1 -2
-6.408111e-01 -6.495088e-01 3.942849e-01 
2
2
16 7 3 10 0 -1
17 7 1 10 0 3
haar_x3
4.778541e-04 1 0
2
17 12 2 6 0 -1
17 12 1 6 0 2
haar_x2
6.695740e-03 -1 -2
2.073520e-01 -7.697446e-02 2.543395e-01 
2
2
0 7 3 10 0 -1
1 7 1 10 0 3
haar_x3
1.178315e-02 1 0
2
0 12 2 6 0 -1
1 12 1 6 0 2
haar_x2
-8.104092e-03 -1 -2
4.392293e-01 4.513468e-01 -5.958179e-01 
-1.707522e+00

18
-1
