5
2
2
3 8 12 7 0 -1
6 8 6 7 0 2
haar_x4
-1.083209e-01 1 0
2
4 4 10 16 0 -1
4 8 10 8 0 2
haar_y4
5.377936e-02 -1 -2
-7.154255e-01 -6.068837e-01 8.392900e-01 
2
3
15 6 2 6 0 -1
16 6 1 3 0 2
15 9 1 3 0 2
haar_x2_y2
9.557118e-04 0 1
2
9 10 3 2 0 -1
10 10 1 2 0 3
haar_x3
-1.631963e-02 -1 -2
-6.278998e-01 -7.868323e-01 7.413565e-02 
2
2
7 9 3 1 0 -1
8 10 1 1 0 3
tilted_haar_x3
-3.690789e-04 1 0
2
3 10 1 2 0 -1
3 10 1 1 0 2
tilted_haar_y2
2.957779e-05 -1 -2
-8.894151e-01 -6.375290e-01 6.988397e-01 
2
3
6 0 12 2 0 -1
12 0 6 1 0 2
6 1 6 1 0 2
haar_x2_y2
1.610596e-02 1 0
2
16 4 2 1 0 -1
16 4 1 1 0 2
haar_x2
9.829225e-04 -1 -2
5.695069e-01 -1.530314e-01 3.619353e-01 
2
3
0 0 14 2 0 -1
0 0 7 1 0 2
7 1 7 1 0 2
haar_x2_y2
2.417850e-02 1 0
2
0 1 2 1 0 -1
1 1 1 1 0 2
haar_x2
-8.324865e-03 -1 -2
7.613409e-01 6.637536e-01 -6.855829e-01 
-1.483100e+00

17
-1
