8
2
3
1 0 6 6 0 -1
1 0 3 3 0 2
4 3 3 3 0 2
haar_x2_y2
3.645152e-02 0 1
2
1 1 4 5 0 -1
2 1 2 5 0 2
haar_x4
-3.047969e-03 -1 -2
-5.560651e-01 6.132526e-01 -8.680435e-01 
2
2
3 12 3 3 0 -1
2 13 3 1 0 3
tilted_haar_y3
-1.751956e-02 0 1
2
0 17 3 3 0 -1
1 17 1 3 0 3
haar_x3
1.694687e-02 -1 -2
5.028473e-01 -5.979632e-01 3.161941e-01 
2
2
3 6 1 2 0 -1
3 6 1 1 0 2
tilted_haar_y2
-1.808022e-03 0 1
2
1 5 1 4 0 -1
1 7 1 2 0 2
haar_y2
-2.914384e-03 -1 -2
-7.430081e-01 -6.252400e-01 4.022896e-01 
2
3
8 0 8 2 0 -1
8 0 4 1 0 2
12 1 4 1 0 2
haar_x2_y2
-3.533278e-03 1 0
2
1 0 4 3 0 -1
3 0 2 3 0 2
haar_x2
-1.575032e-02 -1 -2
-5.170863e-01 5.807509e-01 -5.159168e-01 
2
2
5 16 12 4 0 -1
5 17 12 2 0 2
haar_y4
3.430672e-05 0 1
2
1 1 8 15 0 -1
5 1 4 15 0 2
haar_x2
1.782311e-02 -1 -2
-6.813653e-01 -8.007200e-01 3.821964e-01 
2
2
16 10 2 9 0 -1
17 10 1 9 0 2
haar_x2
1.066591e-02 1 0
2
15 5 3 15 0 -1
16 5 1 15 0 3
haar_x3
2.128509e-02 -1 -2
4.053924e-01 -5.729153e-01 3.709061e-01 
2
2
5 5 11 6 0 -1
5 7 11 2 0 3
haar_y3
-4.306643e-02 0 1
2
1 4 16 11 0 -1
9 4 8 11 0 2
haar_x2
3.383573e-01 -1 -2
3.712471e-01 -8.150194e-01 6.078828e-01 
2
2
10 1 8 2 0 -1
12 1 4 2 0 2
haar_x4
-2.075416e-03 1 0
2
0 7 3 7 0 -1
1 7 1 7 0 3
haar_x3
-3.104822e-02 -1 -2
-7.462296e-01 6.502810e-01 -1.964771e-01 
-2.161451e+00

9
-1
