8
2
2
1 14 16 6 0 -1
1 17 16 3 0 2
haar_y2
-7.448155e-03 1 0
2
1 11 2 8 0 -1
1 13 2 4 0 2
haar_y4
6.301258e-03 -1 -2
-8.213156e-01 4.717313e-01 -8.577405e-01 
2
3
6 0 12 2 0 -1
12 0 6 1 0 2
6 1 6 1 0 2
haar_x2_y2
1.690080e-02 1 0
2
1 1 16 19 0 -1
1 1 8 19 0 2
haar_x2
4.731286e-01 -1 -2
6.525825e-01 -2.603932e-01 6.147198e-01 
2
2
5 4 6 7 0 -1
7 4 2 7 0 3
haar_x3
-6.790767e-02 0 1
2
8 3 4 4 0 -1
9 4 2 4 0 2
tilted_haar_x4
2.432628e-02 -1 -2
7.554983e-01 -8.483816e-01 1.943719e-01 
2
2
12 0 2 3 0 -1
12 0 1 3 0 2
tilted_haar_y2
1.210429e-02 0 1
2
4 6 10 6 0 -1
4 9 10 3 0 2
haar_y2
8.047842e-03 -1 -2
-4.160583e-01 -9.278863e-01 9.466108e-02 
2
2
3 1 4 1 0 -1
5 1 2 1 0 2
haar_x2
1.297056e-04 1 0
2
1 1 16 19 0 -1
9 1 8 19 0 2
haar_x2
-7.458917e-01 -1 -2
4.927583e-01 8.645182e-01 -7.912524e-01 
2
2
9 14 3 1 0 -1
10 14 1 1 0 3
haar_x3
-2.636630e-05 1 0
3
2 0 16 2 0 -1
10 0 8 1 0 2
2 1 8 1 0 2
haar_x2_y2
-1.564045e-02 -1 -2
-4.581168e-01 5.715874e-01 -4.993107e-01 
2
2
6 14 3 1 0 -1
7 14 1 1 0 3
haar_x3
-6.126366e-05 1 0
2
6 14 3 3 0 -1
5 15 3 1 0 3
tilted_haar_y3
4.295212e-03 -1 -2
-7.633135e-01 6.699745e-01 -6.290332e-01 
2
2
5 17 8 3 0 -1
5 18 8 1 0 3
haar_y3
-1.443682e-02 0 1
2
15 1 3 19 0 -1
16 1 1 19 0 3
haar_x3
6.498544e-03 -1 -2
5.518695e-01 -9.786288e-02 2.616291e-01 
-1.379904e+00

9
-1
