5
2
2
5 4 6 11 0 -1
7 4 2 11 0 3
haar_x3
-9.794522e-02 1 0
2
9 1 9 1 0 -1
12 4 3 1 0 3
tilted_haar_x3
-3.956104e-02 -1 -2
-7.897679e-01 7.484320e-01 -7.057098e-01 
2
3
5 18 10 2 0 -1
10 18 5 1 0 2
5 19 5 1 0 2
haar_x2_y2
-2.299222e-03 0 1
2
1 14 16 4 0 -1
1 14 8 4 0 2
haar_x2
-8.986452e-02 -1 -2
2.163482e-01 3.751778e-01 -6.150511e-01 
2
3
3 18 10 2 0 -1
3 18 5 1 0 2
8 19 5 1 0 2
haar_x2_y2
4.615309e-03 0 1
2
7 10 1 2 0 -1
7 10 1 1 0 2
tilted_haar_y2
3.272087e-04 -1 -2
-5.859807e-01 5.872380e-01 -9.540097e-01 
2
2
4 5 12 2 0 -1
7 5 6 2 0 2
haar_x4
1.053091e-02 0 1
3
13 5 2 4 0 -1
14 5 1 2 0 2
13 7 1 2 0 2
haar_x2_y2
2.924125e-03 -1 -2
-5.310593e-01 -2.751849e-01 2.348901e-01 
2
2
2 5 4 1 0 -1
3 6 2 1 0 2
tilted_haar_x4
-4.483591e-05 1 0
2
4 5 1 6 0 -1
4 7 1 2 0 3
haar_y3
-7.094598e-04 -1 -2
-8.706709e-01 -6.538097e-01 5.773742e-01 
-1.688610e+00

21
-1
