17
2
2
0 3 19 16 0 -1
0 7 19 8 0 2
haar_y4
3.880345e-01 0 1
2
2 2 15 5 0 -1
7 2 5 5 0 3
haar_x3
9.741824e-02 -1 -2
-4.416466e-01 -3.165451e-01 7.033007e-01 
2
2
10 5 2 6 0 -1
8 7 2 2 0 3
tilted_haar_x3
1.864228e-02 0 1
2
14 7 3 1 0 -1
15 7 1 1 0 3
haar_x3
-1.861249e-03 -1 -2
1.003736e-01 -8.526286e-01 1.140697e-01 
2
2
9 5 6 2 0 -1
11 7 2 2 0 3
tilted_haar_x3
2.637995e-02 0 1
2
3 5 13 2 0 -1
3 6 13 1 0 2
haar_y2
9.943426e-03 -1 -2
-6.869752e-01 -5.717466e-01 2.947971e-01 
2
2
14 7 3 1 0 -1
15 7 1 1 0 3
haar_x3
-1.756235e-03 1 0
2
14 3 2 15 0 -1
14 3 1 15 0 2
haar_x2
5.718313e-03 -1 -2
4.580463e-02 5.722151e-02 -4.467258e-01 
2
2
2 7 3 1 0 -1
3 7 1 1 0 3
haar_x3
1.370455e-03 1 0
2
3 3 2 15 0 -1
4 3 1 15 0 2
haar_x2
-1.116208e-03 -1 -2
-7.936416e-01 2.906553e-01 -4.743466e-01 
2
2
2 1 16 2 0 -1
6 1 8 2 0 2
haar_x4
1.315301e-02 0 1
2
13 7 3 2 0 -1
14 8 1 2 0 3
tilted_haar_y3
4.426015e-03 -1 -2
-4.820817e-01 1.138561e-01 -5.055843e-01 
2
2
6 7 2 3 0 -1
5 8 2 1 0 3
tilted_haar_y3
8.445202e-04 0 1
2
2 9 3 2 0 -1
3 9 1 2 0 3
haar_x3
-6.986770e-04 -1 -2
-4.589574e-01 -6.385739e-01 4.112989e-01 
2
3
13 16 4 2 0 -1
15 16 2 1 0 2
13 17 2 1 0 2
haar_x2_y2
2.567431e-03 0 1
2
11 3 1 6 0 -1
9 5 1 2 0 3
tilted_haar_x3
-4.120722e-02 -1 -2
-1.682491e-01 -8.365073e-01 2.595999e-03 
2
2
7 16 1 2 0 -1
7 16 1 1 0 2
tilted_haar_y2
-6.296904e-04 1 0
2
6 12 3 2 0 -1
6 12 3 1 0 2
tilted_haar_y2
3.160090e-05 -1 -2
-3.305990e-01 -3.221517e-01 4.620542e-01 
2
2
1 0 18 2 0 -1
1 1 18 1 0 2
haar_y2
4.140075e-02 1 0
2
12 0 7 3 0 -1
12 1 7 1 0 3
haar_y3
2.435211e-02 -1 -2
4.824238e-01 -2.143149e-01 3.777876e-01 
2
2
0 0 19 3 0 -1
0 1 19 1 0 3
haar_y3
-2.521356e-02 0 1
2
8 11 3 4 0 -1
8 13 3 2 0 2
haar_y2
-2.444061e-02 -1 -2
7.429720e-01 4.472672e-01 -3.535369e-01 
2
2
1 12 18 1 0 -1
7 12 6 1 0 3
haar_x3
-2.367409e-02 0 1
2
15 17 4 2 0 -1
15 17 2 2 0 2
haar_x2
1.878660e-03 -1 -2
4.555638e-01 -2.255457e-01 2.895395e-01 
2
2
0 16 3 3 0 -1
1 16 1 3 0 3
haar_x3
-8.254202e-03 0 1
2
0 9 2 10 0 -1
1 9 1 10 0 2
haar_x2
2.107873e-02 -1 -2
5.618959e-01 -4.399738e-01 4.379934e-01 
2
2
2 1 16 18 0 -1
2 1 8 18 0 2
haar_x2
-3.650561e-01 1 0
2
6 5 8 7 0 -1
8 5 4 7 0 2
haar_x4
4.036801e-02 -1 -2
-1.590466e-01 -2.280264e-01 1.896508e-01 
2
2
6 10 1 3 0 -1
5 11 1 1 0 3
tilted_haar_y3
-3.843129e-03 0 1
3
0 11 18 6 0 -1
0 11 9 3 0 2
9 14 9 3 0 2
haar_x2_y2
5.625531e-02 -1 -2
-7.745451e-01 3.834262e-01 -5.167373e-01 
2
2
7 11 5 4 0 -1
7 12 5 2 0 2
haar_y4
-1.176411e-02 0 1
2
5 12 9 3 0 -1
5 13 9 1 0 3
haar_y3
1.389308e-02 -1 -2
3.586360e-01 -1.027897e-01 4.329409e-01 
2
2
3 7 12 3 0 -1
3 8 12 1 0 3
haar_y3
2.268272e-03 0 1
2
7 8 5 2 0 -1
7 9 5 1 0 2
haar_y2
-3.925769e-04 -1 -2
-6.343353e-01 -4.951403e-01 2.543099e-01 
-1.838756e+00

39
-1
