8
2
2
5 4 6 12 0 -1
7 4 2 12 0 3
haar_x3
-1.001656e-01 1 0
2
2 1 6 8 0 -1
5 1 3 8 0 2
haar_x2
4.441927e-05 -1 -2
-7.901644e-01 -9.677950e-01 7.727085e-01 
2
3
5 18 10 2 0 -1
10 18 5 1 0 2
5 19 5 1 0 2
haar_x2_y2
-1.781130e-03 0 1
3
0 3 18 14 0 -1
9 3 9 7 0 2
0 10 9 7 0 2
haar_x2_y2
-3.216507e-02 -1 -2
3.102126e-01 3.491609e-01 -5.415611e-01 
2
3
4 3 2 4 0 -1
4 3 1 2 0 2
5 5 1 2 0 2
haar_x2_y2
3.503910e-03 1 0
3
1 0 16 2 0 -1
1 0 8 1 0 2
9 1 8 1 0 2
haar_x2_y2
2.251990e-02 -1 -2
5.786012e-01 -7.283016e-01 2.885457e-01 
2
2
15 0 3 17 0 -1
16 0 1 17 0 3
haar_x3
3.648628e-03 0 1
2
13 4 5 8 0 -1
11 6 5 4 0 2
tilted_haar_x4
6.869951e-02 -1 -2
-2.757737e-01 -3.105267e-01 7.573128e-02 
2
2
0 0 3 4 0 -1
1 0 1 4 0 3
haar_x3
-7.995203e-03 0 1
2
1 0 15 3 0 -1
1 1 15 1 0 3
haar_y3
3.455703e-02 -1 -2
5.655605e-01 -7.083631e-01 4.962128e-01 
2
2
5 17 11 3 0 -1
5 18 11 1 0 3
haar_y3
-9.322237e-03 1 0
2
13 11 4 4 0 -1
13 12 4 2 0 2
haar_y4
9.159845e-03 -1 -2
-6.174788e-01 5.612883e-02 -8.529182e-01 
2
2
7 15 3 2 0 -1
7 15 3 1 0 2
tilted_haar_y2
-1.007675e-03 0 1
2
3 13 12 6 0 -1
7 13 4 6 0 3
haar_x3
-4.387591e-03 -1 -2
-7.964469e-01 6.588849e-01 -8.025039e-01 
2
3
9 16 4 2 0 -1
11 16 2 1 0 2
9 17 2 1 0 2
haar_x2_y2
-8.193093e-04 1 0
2
11 16 1 3 0 -1
10 17 1 1 0 3
tilted_haar_x3
2.697246e-03 -1 -2
-2.323950e-01 1.575024e-01 -7.942747e-01 
-2.171648e+00

18
-1
