6
2
3
5 16 4 2 0 -1
5 16 2 1 0 2
7 17 2 1 0 2
haar_x2_y2
-4.996812e-04 1 0
2
7 7 4 2 0 -1
7 8 4 1 0 2
haar_y2
3.488494e-03 -1 -2
-5.315362e-01 5.725713e-01 -8.552159e-01 
2
2
7 12 4 3 0 -1
7 13 4 1 0 3
haar_y3
-7.245655e-03 1 0
2
10 8 1 4 0 -1
10 10 1 2 0 2
haar_y2
-2.405810e-03 -1 -2
-3.932844e-01 -5.218481e-01 9.178010e-02 
2
3
3 2 2 6 0 -1
3 2 1 3 0 2
4 5 1 3 0 2
haar_x2_y2
-2.460516e-05 1 0
2
2 1 3 14 0 -1
3 1 1 14 0 3
haar_x3
-5.564905e-03 -1 -2
-4.044590e-01 -7.885919e-01 6.104252e-01 
2
2
0 0 18 2 0 -1
0 1 18 1 0 2
haar_y2
-4.052939e-02 0 1
2
5 0 8 4 0 -1
5 1 8 2 0 2
haar_y4
3.376219e-02 -1 -2
7.652415e-01 -1.237401e-01 6.115952e-01 
2
2
3 4 9 9 0 -1
6 4 3 9 0 3
haar_x3
-1.386432e-01 0 1
2
1 1 16 17 0 -1
9 1 8 17 0 2
haar_x2
-4.172162e-01 -1 -2
5.786371e-01 4.170650e-01 -7.651933e-01 
2
2
3 9 12 6 0 -1
6 9 6 6 0 2
haar_x4
-1.053552e-01 0 1
2
1 7 16 9 0 -1
1 7 8 9 0 2
haar_x2
-4.087033e-01 -1 -2
7.193569e-01 6.287312e-01 -1.642497e-01 
-1.367578e+00

13
-1
