6
2
2
4 10 4 10 0 -1
6 10 2 10 0 2
haar_x2
-2.586257e-02 1 0
2
8 1 1 2 0 -1
8 1 1 1 0 2
tilted_haar_y2
2.644210e-03 -1 -2
-8.138549e-01 -6.776583e-01 6.573142e-01 
2
2
8 16 3 4 0 -1
8 17 3 2 0 2
haar_y4
-9.365625e-03 1 0
2
16 13 1 2 0 -1
16 13 1 1 0 2
tilted_haar_x2
9.672551e-04 -1 -2
-4.541278e-01 1.631975e-01 -5.269366e-01 
2
2
2 15 4 2 0 -1
2 16 4 1 0 2
haar_y2
-4.182925e-04 1 0
2
1 11 2 6 0 -1
1 13 2 2 0 3
haar_y3
5.288148e-03 -1 -2
-7.158455e-01 6.435311e-01 -8.840340e-01 
2
2
8 10 2 4 0 -1
8 11 2 2 0 2
haar_y4
3.266640e-03 0 1
2
14 13 3 4 0 -1
14 15 3 2 0 2
haar_y2
-6.750044e-04 -1 -2
-5.997861e-01 2.587884e-01 -6.548970e-01 
2
3
1 0 10 2 0 -1
1 0 5 1 0 2
6 1 5 1 0 2
haar_x2_y2
9.435201e-03 1 0
2
0 0 18 20 0 -1
9 0 9 20 0 2
haar_x2
-4.659835e-01 -1 -2
5.845602e-01 7.936206e-01 -6.812443e-01 
2
2
1 0 16 20 0 -1
1 0 8 20 0 2
haar_x2
-4.237733e-01 1 0
2
9 9 1 6 0 -1
7 11 1 2 0 3
tilted_haar_x3
-1.805370e-02 -1 -2
-2.851150e-01 -7.186545e-01 1.149809e-01 
-1.884073e+00

26
-1
