5
2
2
6 16 7 4 0 -1
6 17 7 2 0 2
haar_y4
-1.265335e-02 1 0
2
2 16 1 4 0 -1
2 17 1 2 0 2
haar_y4
-1.570621e-03 -1 -2
-6.115104e-01 -8.454545e-01 6.417246e-01 
2
2
14 0 2 2 0 -1
14 0 1 2 0 2
tilted_haar_x2
2.370512e-03 0 1
2
11 2 3 2 0 -1
12 2 1 2 0 3
haar_x3
9.362211e-04 -1 -2
-6.731529e-01 5.787073e-01 -5.848129e-01 
2
2
15 4 1 3 0 -1
14 5 1 1 0 3
tilted_haar_y3
-7.035049e-03 0 1
2
8 5 4 14 0 -1
10 5 2 14 0 2
haar_x2
-9.635837e-02 -1 -2
4.573227e-01 5.842064e-01 -7.851716e-01 
2
2
1 1 16 19 0 -1
9 1 8 19 0 2
haar_x2
5.572901e-01 1 0
2
8 4 6 10 0 -1
10 4 2 10 0 3
haar_x3
-7.071605e-02 -1 -2
7.467650e-01 3.326149e-01 -7.683018e-01 
2
2
1 1 16 2 0 -1
5 1 8 2 0 2
haar_x4
5.544068e-02 1 0
2
0 1 2 19 0 -1
1 1 1 19 0 2
haar_x2
-4.881632e-02 -1 -2
6.570608e-01 4.337114e-01 -6.452240e-01 
-1.314103e+00

7
-1
