3
2
2
1 6 17 8 0 -1
1 8 17 4 0 2
haar_y4
3.347532e-02 0 1
2
3 1 12 7 0 -1
7 1 4 7 0 3
haar_x3
4.214058e-02 -1 -2
-8.848519e-01 -7.813224e-01 8.446372e-01 
2
2
2 12 15 3 0 -1
7 13 5 1 0 9
haar_point
-4.418259e-02 1 0
2
3 4 8 1 0 -1
3 4 4 1 0 2
tilted_haar_x2
2.559557e-03 -1 -2
-7.461234e-01 8.108882e-01 -8.991019e-01 
2
2
3 16 15 4 0 -1
3 17 15 2 0 2
haar_y4
-7.938473e-03 1 0
2
9 0 6 1 0 -1
9 0 3 1 0 2
tilted_haar_x2
6.235204e-03 -1 -2
-8.030852e-01 -6.904742e-01 8.021724e-01 
-2.217920e+00

0
-1
