5
2
2
9 8 6 1 0 -1
11 10 2 1 0 3
tilted_haar_x3
-1.516461e-02 1 0
3
2 18 6 2 0 -1
2 18 3 1 0 2
5 19 3 1 0 2
haar_x2_y2
3.048527e-03 -1 -2
-7.327901e-01 -5.137154e-01 7.641283e-01 
2
2
15 6 2 1 0 -1
15 6 1 1 0 2
haar_x2
1.217600e-03 1 0
2
9 2 4 6 0 -1
9 2 2 6 0 2
haar_x2
5.069485e-02 -1 -2
-7.193511e-01 9.415776e-02 -5.880379e-01 
2
2
1 6 2 1 0 -1
2 6 1 1 0 2
haar_x2
-1.355440e-03 1 0
2
4 5 9 1 0 -1
7 5 3 1 0 3
haar_x3
1.490793e-02 -1 -2
-5.633485e-01 -7.071338e-01 6.510443e-01 
2
2
10 13 1 6 0 -1
8 15 1 2 0 3
tilted_haar_x3
-2.078757e-02 0 1
3
5 4 8 16 0 -1
9 4 4 8 0 2
5 12 4 8 0 2
haar_x2_y2
-3.386366e-02 -1 -2
-8.649120e-01 -7.959608e-01 1.933145e-01 
2
2
8 13 6 1 0 -1
10 15 2 1 0 3
tilted_haar_x3
-8.477679e-03 0 1
2
5 3 1 12 0 -1
5 6 1 6 0 2
haar_y4
-3.400330e-03 -1 -2
-8.248218e-01 -9.191083e-01 4.165589e-01 
-1.405616e+00

22
-1
