10
2
2
4 0 11 3 0 -1
4 1 11 1 0 3
haar_y3
2.438344e-02 0 1
2
2 2 15 6 0 -1
7 2 5 6 0 3
haar_x3
1.086462e-01 -1 -2
-5.319866e-01 -5.271178e-01 7.818741e-01 
2
2
10 9 4 3 0 -1
11 10 2 3 0 2
tilted_haar_y4
-6.116841e-03 1 0
2
8 3 6 3 0 -1
8 3 3 3 0 2
haar_x2
1.897354e-03 -1 -2
-9.460984e-02 -4.083340e-01 1.533920e-01 
2
2
2 11 3 1 0 -1
3 11 1 1 0 3
haar_x3
5.388014e-05 0 1
3
1 17 6 2 0 -1
1 17 3 1 0 2
4 18 3 1 0 2
haar_x2_y2
2.028933e-03 -1 -2
-6.088006e-01 -1.829596e-01 6.181989e-01 
2
2
10 6 2 6 0 -1
8 8 2 2 0 3
tilted_haar_x3
-1.479573e-02 0 1
2
2 1 15 7 0 -1
7 1 5 7 0 3
haar_x3
5.876323e-02 -1 -2
2.358468e-01 -8.694755e-01 9.156361e-02 
2
2
9 6 6 2 0 -1
11 8 2 2 0 3
tilted_haar_x3
2.986286e-02 0 1
2
4 1 6 6 0 -1
4 3 6 2 0 3
haar_y3
-2.130547e-02 -1 -2
-6.389155e-01 4.450383e-01 -4.784997e-01 
2
2
17 8 2 1 0 -1
17 8 1 1 0 2
haar_x2
2.051957e-03 1 0
2
1 0 17 3 0 -1
1 1 17 1 0 3
haar_y3
-2.144586e-02 -1 -2
-5.354312e-01 6.595861e-01 -1.336775e-01 
2
2
0 8 2 1 0 -1
1 8 1 1 0 2
haar_x2
1.856850e-03 1 0
2
6 0 7 14 0 -1
6 7 7 7 0 2
haar_y2
3.391062e-02 -1 -2
5.559402e-01 3.912098e-01 -4.674484e-01 
2
2
11 5 8 1 0 -1
13 5 4 1 0 2
haar_x4
-5.009927e-03 1 0
2
10 4 3 2 0 -1
11 5 1 2 0 3
tilted_haar_y3
2.473094e-03 -1 -2
-4.476438e-01 -6.951713e-01 1.511893e-01 
2
2
9 8 1 2 0 -1
9 9 1 1 0 2
haar_y2
-1.975029e-04 0 1
2
1 14 1 3 0 -1
1 15 1 1 0 3
haar_y3
-1.495451e-03 -1 -2
-4.613948e-01 -6.908854e-01 4.634062e-01 
2
2
12 10 2 7 0 -1
12 10 1 7 0 2
tilted_haar_y2
1.645561e-02 1 0
3
4 7 12 12 0 -1
10 7 6 6 0 2
4 13 6 6 0 2
haar_x2_y2
5.648673e-02 -1 -2
2.007232e-01 1.278528e-01 -7.219616e-01 
-1.568556e+00

40
-1
