9
2
2
5 5 8 2 0 -1
5 6 8 1 0 2
haar_y2
4.601326e-03 0 1
2
9 0 4 8 0 -1
7 2 4 4 0 2
tilted_haar_y4
-4.869136e-02 -1 -2
-9.781229e-01 8.030000e-01 -9.610896e-01 
2
3
12 17 6 2 0 -1
15 17 3 1 0 2
12 18 3 1 0 2
haar_x2_y2
2.669960e-05 1 0
2
17 15 2 4 0 -1
17 15 1 4 0 2
haar_x2
5.204986e-05 -1 -2
4.654607e-01 -8.057176e-01 3.896805e-01 
2
3
1 17 6 2 0 -1
1 17 3 1 0 2
4 18 3 1 0 2
haar_x2_y2
1.083809e-03 1 0
2
0 15 2 4 0 -1
1 15 1 4 0 2
haar_x2
-1.174877e-02 -1 -2
5.478837e-01 8.914803e-01 -7.662013e-01 
2
2
4 4 12 4 0 -1
7 4 6 4 0 2
haar_x4
8.230904e-02 1 0
2
2 12 15 1 0 -1
7 12 5 1 0 3
haar_x3
-2.501371e-02 -1 -2
1.817199e-01 3.348517e-01 -9.833869e-01 
2
3
1 4 2 8 0 -1
1 4 1 4 0 2
2 8 1 4 0 2
haar_x2_y2
6.370398e-04 0 1
2
5 1 9 4 0 -1
8 1 3 4 0 3
haar_x3
2.008814e-02 -1 -2
-9.988853e-01 -9.979462e-01 7.105249e-01 
1
2
17 0 2 1 0 -1
17 0 1 1 0 2
haar_x2
0.000000e+00 0 -1
0.000000e+00 -1.000000e+00 
2
2
3 9 8 3 0 -1
5 9 4 3 0 2
haar_x4
-2.128824e-04 1 0
2
6 8 1 6 0 -1
6 11 1 3 0 2
haar_y2
-1.716321e-02 -1 -2
-9.977478e-01 -1.000000e+00 9.044914e-01 
2
2
7 8 7 4 0 -1
7 9 7 2 0 2
haar_y4
1.370305e-03 0 1
2
13 5 1 2 0 -1
13 5 1 1 0 2
tilted_haar_x2
-6.523511e-04 -1 -2
-9.976094e-01 5.096165e-01 -9.961908e-01 
2
2
3 4 2 13 0 -1
4 4 1 13 0 2
haar_x2
-3.259064e-03 0 1
2
3 0 3 3 0 -1
3 1 3 1 0 3
haar_y3
1.041389e-02 -1 -2
6.676107e-01 -9.783033e-01 4.939055e-01 
-1.147199e+00

13
-1
