7
2
2
6 15 6 3 0 -1
6 16 6 1 0 3
haar_y3
4.270931e-03 0 1
2
3 7 12 2 0 -1
3 8 12 1 0 2
haar_y2
2.856219e-03 -1 -2
-5.911056e-01 -7.984352e-01 5.685764e-01 
2
2
2 1 14 4 0 -1
2 2 14 2 0 2
haar_y4
-9.510318e-03 1 0
2
15 12 2 6 0 -1
15 14 2 2 0 3
haar_y3
6.693318e-03 -1 -2
-5.256369e-01 1.559753e-01 -9.411792e-01 
2
2
3 0 2 15 0 -1
3 5 2 5 0 3
haar_y3
-2.828355e-04 1 0
2
1 1 3 8 0 -1
1 5 3 4 0 2
haar_y2
-1.477740e-02 -1 -2
-7.719317e-01 -7.440419e-01 5.787064e-01 
2
2
7 10 4 4 0 -1
7 11 4 2 0 2
haar_y4
4.334213e-03 0 1
2
10 8 1 4 0 -1
10 10 1 2 0 2
haar_y2
-2.205391e-03 -1 -2
-5.539814e-01 -5.999267e-01 1.073576e-01 
2
2
7 7 3 2 0 -1
7 8 3 1 0 2
haar_y2
2.897513e-03 1 0
2
8 10 2 3 0 -1
7 11 2 1 0 3
tilted_haar_y3
-6.042323e-05 -1 -2
-8.707637e-01 5.604090e-01 -4.664389e-01 
2
3
12 6 2 2 0 -1
13 6 1 1 0 2
12 7 1 1 0 2
haar_x2_y2
-5.539937e-05 0 1
2
1 1 16 19 0 -1
1 1 8 19 0 2
haar_x2
-6.086264e-01 -1 -2
3.597923e-01 8.365310e-01 -1.948557e-01 
2
2
0 1 2 19 0 -1
1 1 1 19 0 2
haar_x2
-5.057354e-02 0 1
2
8 6 6 2 0 -1
8 6 3 2 0 2
tilted_haar_x2
4.717012e-02 -1 -2
4.667452e-01 -7.302287e-01 4.942818e-01 
-1.454610e+00

8
-1
