6
2
2
7 10 4 4 0 -1
7 11 4 2 0 2
haar_y4
3.931175e-03 0 1
2
2 2 15 7 0 -1
7 2 5 7 0 3
haar_x3
1.632505e-02 -1 -2
-5.668609e-01 -8.865725e-01 6.485519e-01 
2
2
15 4 1 2 0 -1
15 5 1 1 0 2
haar_y2
-4.612339e-05 1 0
2
15 2 3 6 0 -1
15 5 3 3 0 2
haar_y2
-9.902678e-03 -1 -2
-7.457994e-01 -7.640257e-01 5.227978e-01 
2
2
8 16 1 2 0 -1
8 16 1 1 0 2
tilted_haar_y2
2.340532e-05 0 1
2
7 16 3 1 0 -1
8 17 1 1 0 3
tilted_haar_x3
-6.886448e-04 -1 -2
-7.303021e-01 5.773746e-01 -6.387268e-01 
2
2
10 1 2 8 0 -1
10 3 2 4 0 2
haar_y4
-1.578432e-03 1 0
2
9 6 2 4 0 -1
9 7 2 2 0 2
haar_y4
2.754684e-03 -1 -2
-6.766713e-01 5.132772e-01 -8.318529e-01 
2
2
1 0 4 1 0 -1
2 1 2 1 0 2
tilted_haar_x4
-1.028938e-02 0 1
2
0 7 2 6 0 -1
1 7 1 6 0 2
haar_x2
1.830780e-02 -1 -2
5.903956e-01 -6.076069e-01 7.167845e-01 
2
3
3 6 2 2 0 -1
3 6 1 1 0 2
4 7 1 1 0 2
haar_x2_y2
4.295884e-05 0 1
2
3 6 2 1 0 -1
3 6 1 1 0 2
tilted_haar_x2
-2.180587e-05 -1 -2
-6.661836e-01 4.786561e-01 -8.754982e-01 
-1.797377e+00

9
-1
