11
2
2
0 3 19 8 0 -1
0 7 19 4 0 2
haar_y2
2.496385e-01 0 1
2
8 3 2 8 0 -1
9 3 1 8 0 2
haar_x2
8.670839e-03 -1 -2
-5.927703e-01 -5.198372e-01 8.025780e-01 
2
2
10 4 1 4 0 -1
9 5 1 2 0 2
tilted_haar_x4
-1.038130e-03 0 1
2
2 0 15 3 0 -1
2 1 15 1 0 3
haar_y3
4.281115e-02 -1 -2
1.660374e-01 -2.605343e-01 6.313976e-01 
2
2
3 1 12 6 0 -1
6 1 6 6 0 2
haar_x4
5.846137e-02 0 1
2
4 6 8 4 0 -1
4 6 4 4 0 2
tilted_haar_x2
5.342681e-02 -1 -2
-5.013096e-01 -4.538457e-01 6.261851e-01 
2
2
10 4 1 4 0 -1
9 5 1 2 0 2
tilted_haar_x4
-3.280865e-03 0 1
2
9 7 1 2 0 -1
9 8 1 1 0 2
haar_y2
-4.335552e-04 -1 -2
1.366244e-01 -7.410477e-01 1.475525e-01 
2
2
4 1 6 6 0 -1
4 3 6 2 0 3
haar_y3
-2.603172e-02 1 0
2
8 6 6 1 0 -1
10 8 2 1 0 3
tilted_haar_x3
1.563281e-02 -1 -2
-5.453603e-01 -3.618200e-01 5.250740e-01 
2
2
9 5 1 3 0 -1
9 6 1 1 0 3
haar_y3
-1.315634e-03 0 1
2
9 5 1 3 0 -1
9 6 1 1 0 3
haar_y3
-1.315634e-03 -1 -2
-8.036286e-01 -8.036286e-01 1.816213e-01 
2
2
0 2 2 16 0 -1
1 2 1 16 0 2
haar_x2
2.175256e-02 1 0
2
0 1 3 18 0 -1
1 1 1 18 0 3
haar_x3
-2.462356e-02 -1 -2
5.957764e-01 4.892569e-01 -5.328919e-01 
2
2
10 9 3 1 0 -1
11 9 1 1 0 3
haar_x3
-3.739607e-03 1 0
2
10 6 3 1 0 -1
11 7 1 1 0 3
tilted_haar_y3
9.688885e-04 -1 -2
6.223838e-02 -5.558934e-01 2.662932e-01 
2
2
6 9 3 1 0 -1
7 9 1 1 0 3
haar_x3
-2.521493e-05 1 0
2
9 6 1 3 0 -1
8 7 1 1 0 3
tilted_haar_y3
-6.985525e-03 -1 -2
-7.016047e-01 -7.611751e-01 3.073097e-01 
2
2
8 16 3 2 0 -1
9 16 1 2 0 3
haar_x3
-1.693367e-03 0 1
3
1 6 18 2 0 -1
10 6 9 1 0 2
1 7 9 1 0 2
haar_x2_y2
7.818809e-03 -1 -2
-9.076635e-01 1.525887e-01 -6.402733e-01 
2
2
7 6 1 2 0 -1
7 6 1 1 0 2
tilted_haar_y2
-1.311247e-03 1 0
2
7 6 1 3 0 -1
6 7 1 1 0 3
tilted_haar_y3
5.209662e-03 -1 -2
-6.543760e-01 4.586937e-01 -6.956660e-01 
-2.131777e+00

14
-1
