2
4
2
4 4 13 16 0 -1
4 8 13 8 0 2
haar_y4
6.190294e-02 0 1
2
2 11 15 6 0 -1
7 13 5 2 0 9
haar_point
-4.365639e-02 2 3
2
3 1 12 7 0 -1
7 1 4 7 0 3
haar_x3
2.351824e-02 -1 -2
2
6 7 6 11 0 -1
9 7 3 11 0 2
haar_x2
1.258217e-01 -3 -4
-8.580511e-01 -8.646856e-01 8.934125e-01 -9.153600e-01 9.436685e-01 
4
2
0 1 2 6 0 -1
1 1 1 6 0 2
haar_x2
-1.740843e-02 0 1
2
8 4 6 12 0 -1
10 4 2 12 0 3
haar_x3
-7.763153e-02 3 2
2
7 3 4 13 0 -1
9 3 2 13 0 2
haar_x2
8.188606e-02 -1 -2
2
8 1 10 11 0 -1
13 1 5 11 0 2
haar_x2
-3.466526e-02 -3 -4
8.999069e-01 -9.703109e-01 7.421277e-01 9.366135e-01 -9.781530e-01 
-1.159234e-01

0
-1
