5
2
2
3 5 12 1 0 -1
7 5 4 1 0 3
haar_x3
9.704092e-03 0 1
2
1 2 16 14 0 -1
1 9 16 7 0 2
haar_y2
4.887989e-02 -1 -2
-8.423644e-01 -9.228894e-01 7.059837e-01 
2
2
14 1 4 6 0 -1
15 1 2 6 0 2
haar_x4
-7.335934e-04 0 1
2
7 2 4 18 0 -1
8 2 2 18 0 2
haar_x4
3.419553e-02 -1 -2
2.227576e-01 -5.101591e-01 7.912593e-01 
2
2
0 0 4 20 0 -1
1 0 2 20 0 2
haar_x4
-5.049377e-02 0 1
2
6 7 6 12 0 -1
9 7 3 12 0 2
haar_x2
-1.082642e-01 -1 -2
9.360932e-01 7.838665e-01 -8.476381e-01 
2
2
7 7 6 8 0 -1
9 7 2 8 0 3
haar_x3
3.004583e-02 0 1
2
7 4 4 11 0 -1
8 4 2 11 0 2
haar_x4
3.450016e-02 -1 -2
-4.680006e-01 -3.195162e-01 7.741060e-01 
2
2
3 11 12 6 0 -1
7 13 4 2 0 9
haar_point
-2.548412e-02 1 0
2
1 8 15 12 0 -1
1 11 15 6 0 2
haar_y4
-1.745805e-02 -1 -2
-9.339173e-01 -6.856135e-01 8.425044e-01 
-1.905247e+00

1
-1
