5
2
2
7 3 2 6 0 -1
7 3 1 6 0 2
tilted_haar_x2
-1.746413e-02 1 0
2
1 2 16 1 0 -1
5 2 8 1 0 2
haar_x4
2.746620e-02 -1 -2
-6.495520e-01 -3.578316e-01 8.171974e-01 
2
2
8 10 2 4 0 -1
8 11 2 2 0 2
haar_y4
2.994396e-03 0 1
2
3 11 12 2 0 -1
6 11 6 2 0 2
haar_x4
-2.573319e-02 -1 -2
-5.964671e-01 2.662610e-01 -5.550255e-01 
2
2
4 5 10 6 0 -1
4 8 10 3 0 2
haar_y2
2.957879e-02 0 1
2
7 15 4 5 0 -1
8 15 2 5 0 2
haar_x4
-3.353063e-03 -1 -2
-6.358063e-01 -8.262145e-01 6.758565e-01 
2
2
1 5 16 15 0 -1
1 5 8 15 0 2
haar_x2
-3.685526e-01 1 0
2
9 10 1 6 0 -1
7 12 1 2 0 3
tilted_haar_x3
-1.970267e-02 -1 -2
-2.430648e-01 -7.613980e-01 1.038781e-01 
2
2
8 3 6 2 0 -1
8 3 6 1 0 2
tilted_haar_y2
4.825534e-03 0 1
2
8 4 3 6 0 -1
6 6 3 2 0 3
tilted_haar_y3
-4.557561e-02 -1 -2
-5.982446e-01 -6.951735e-01 6.464607e-01 
-1.436988e+00

23
-1
