10
2
3
0 0 2 8 0 -1
0 0 1 4 0 2
1 4 1 4 0 2
haar_x2_y2
-2.847227e-02 0 1
2
0 18 4 1 0 -1
1 18 2 1 0 2
haar_x4
6.288885e-03 -1 -2
5.292294e-01 -5.271866e-01 4.211802e-01 
2
2
16 12 2 6 0 -1
17 12 1 6 0 2
haar_x2
1.220791e-02 1 0
2
14 0 2 2 0 -1
14 0 2 1 0 2
tilted_haar_y2
-1.509533e-02 -1 -2
4.575247e-01 5.413898e-01 -4.479488e-01 
2
2
12 17 2 1 0 -1
12 17 1 1 0 2
tilted_haar_x2
3.318970e-05 0 1
3
10 0 8 8 0 -1
10 0 4 4 0 2
14 4 4 4 0 2
haar_x2_y2
-8.905672e-03 -1 -2
-8.957750e-01 2.924038e-01 -7.514363e-01 
2
2
13 8 3 12 0 -1
13 14 3 6 0 2
haar_y2
-3.895561e-05 1 0
3
9 14 8 6 0 -1
9 14 4 3 0 2
13 17 4 3 0 2
haar_x2_y2
1.378749e-03 -1 -2
-9.297075e-01 -4.272145e-01 3.537752e-01 
2
2
1 9 16 2 0 -1
5 9 8 2 0 2
haar_x4
1.398445e-02 1 0
2
14 1 4 7 0 -1
14 1 2 7 0 2
tilted_haar_x2
-8.662957e-02 -1 -2
1.296210e-01 5.190717e-01 -7.721302e-01 
2
2
16 1 1 4 0 -1
16 3 1 2 0 2
haar_y2
-7.942482e-05 1 0
2
9 10 8 8 0 -1
9 14 8 4 0 2
haar_y2
-8.995155e-02 -1 -2
-6.328076e-01 -9.219003e-01 3.106992e-01 
2
2
9 6 6 5 0 -1
11 6 2 5 0 3
haar_x3
-2.014538e-02 0 1
2
4 7 8 4 0 -1
6 7 4 4 0 2
haar_x4
-1.688543e-02 -1 -2
6.177873e-01 4.705485e-01 -4.861488e-01 
2
2
7 7 6 3 0 -1
9 7 2 3 0 3
haar_x3
-8.359151e-03 0 1
2
5 7 9 3 0 -1
8 7 3 3 0 3
haar_x3
6.294206e-02 -1 -2
5.434893e-01 -5.293610e-01 5.834613e-01 
2
3
1 16 12 4 0 -1
1 16 6 2 0 2
7 18 6 2 0 2
haar_x2_y2
-8.615782e-03 0 1
2
9 2 4 8 0 -1
9 6 4 4 0 2
haar_y2
-5.810614e-02 -1 -2
2.433231e-01 6.411921e-01 -7.710752e-01 
2
2
0 0 9 3 0 -1
3 0 3 3 0 3
haar_x3
-4.033031e-04 1 0
2
3 13 7 6 0 -1
3 15 7 2 0 3
haar_y3
-2.571902e-03 -1 -2
-8.975682e-01 3.654529e-01 -4.863167e-01 
-1.578853e+00

14
-1
