12
2
3
0 0 2 10 0 -1
0 0 1 5 0 2
1 5 1 5 0 2
haar_x2_y2
-7.379054e-03 1 0
2
12 0 1 6 0 -1
12 3 1 3 0 2
haar_y2
8.504069e-04 -1 -2
-6.448908e-01 -5.213946e-01 4.969944e-01 
2
2
11 7 5 8 0 -1
11 9 5 4 0 2
haar_y4
7.285576e-03 0 1
2
1 0 3 8 0 -1
1 2 3 4 0 2
haar_y4
-1.224039e-04 -1 -2
-8.589945e-01 2.713305e-01 -7.766662e-01 
2
2
3 16 1 3 0 -1
2 17 1 1 0 3
tilted_haar_y3
1.512010e-02 1 0
2
0 4 3 1 0 -1
1 4 1 1 0 3
haar_x3
-6.599896e-03 -1 -2
6.087381e-01 3.754717e-01 -5.483977e-01 
2
2
17 17 1 2 0 -1
17 17 1 1 0 2
tilted_haar_y2
3.097075e-05 1 0
2
1 6 9 9 0 -1
4 9 3 3 0 9
haar_point
2.185796e-01 -1 -2
1.729337e-01 -8.042980e-01 5.822999e-01 
2
2
17 0 1 2 0 -1
17 0 1 1 0 2
tilted_haar_y2
3.073747e-05 0 1
2
15 7 1 8 0 -1
15 9 1 4 0 2
haar_y4
1.517926e-03 -1 -2
-8.667741e-01 -8.379411e-01 2.006858e-01 
2
2
1 0 1 14 0 -1
1 7 1 7 0 2
haar_y2
-4.471493e-05 1 0
2
12 8 4 12 0 -1
12 14 4 6 0 2
haar_y2
-4.134668e-05 -1 -2
-9.297563e-01 2.424066e-01 -9.829119e-01 
2
3
2 8 16 6 0 -1
2 8 8 3 0 2
10 11 8 3 0 2
haar_x2_y2
-1.166594e-03 1 0
2
1 5 2 4 0 -1
2 5 1 4 0 2
haar_x2
-3.887698e-03 -1 -2
-7.682962e-01 -6.184613e-01 3.592901e-01 
2
2
10 19 8 1 0 -1
14 19 4 1 0 2
haar_x2
6.881518e-04 1 0
2
4 1 14 8 0 -1
11 1 7 8 0 2
haar_x2
2.839019e-01 -1 -2
2.090643e-01 -7.318242e-01 8.358603e-01 
2
2
7 8 10 5 0 -1
12 8 5 5 0 2
haar_x2
-1.121330e-03 1 0
2
10 14 2 6 0 -1
11 14 1 6 0 2
haar_x2
-6.072625e-03 -1 -2
-7.092373e-01 -8.295901e-01 4.039837e-01 
2
2
3 2 14 17 0 -1
10 2 7 17 0 2
haar_x2
2.522335e-01 1 0
2
12 1 6 6 0 -1
12 1 3 6 0 2
tilted_haar_x2
6.719495e-02 -1 -2
5.909132e-01 -4.863681e-01 5.196227e-01 
2
2
8 9 5 3 0 -1
8 10 5 1 0 3
haar_y3
2.142493e-03 1 0
2
15 6 3 6 0 -1
16 8 1 2 0 9
haar_point
2.705418e-02 -1 -2
2.948363e-01 -7.388203e-01 5.336975e-01 
2
2
7 8 3 6 0 -1
7 8 3 3 0 2
tilted_haar_y2
8.479238e-03 0 1
3
1 0 8 8 0 -1
1 0 4 4 0 2
5 4 4 4 0 2
haar_x2_y2
4.338597e-03 -1 -2
-9.137716e-01 -9.503385e-01 1.574066e-01 
-1.645056e+00

15
-1
