10
2
3
0 0 2 8 0 -1
0 0 1 4 0 2
1 4 1 4 0 2
haar_x2_y2
-2.200015e-02 1 0
2
13 3 4 9 0 -1
13 6 4 3 0 3
haar_y3
-1.498238e-02 -1 -2
-4.419267e-01 6.707751e-01 -4.948322e-01 
2
2
1 3 12 11 0 -1
7 3 6 11 0 2
haar_x2
1.556402e-01 1 0
2
6 0 2 8 0 -1
6 2 2 4 0 2
haar_y4
3.620435e-02 -1 -2
3.752038e-01 -6.798862e-01 6.626210e-01 
2
3
0 10 2 10 0 -1
0 10 1 5 0 2
1 15 1 5 0 2
haar_x2_y2
2.695989e-02 1 0
2
0 13 3 3 0 -1
1 13 1 3 0 3
haar_x3
-9.418152e-03 -1 -2
4.851255e-01 2.268868e-01 -5.539079e-01 
2
2
1 0 12 1 0 -1
7 0 6 1 0 2
haar_x2
-2.864655e-04 1 0
2
14 17 2 1 0 -1
14 17 1 1 0 2
tilted_haar_x2
8.158818e-05 -1 -2
-8.482134e-01 -6.720584e-01 3.049014e-01 
2
2
9 19 9 1 0 -1
12 19 3 1 0 3
haar_x3
-3.017257e-03 0 1
2
7 7 7 6 0 -1
7 9 7 2 0 3
haar_y3
7.443517e-02 -1 -2
1.448551e-01 -8.661762e-01 3.454983e-01 
2
2
3 7 13 12 0 -1
3 10 13 6 0 2
haar_y4
4.838922e-05 0 1
2
1 3 8 15 0 -1
5 3 4 15 0 2
haar_x2
1.675464e-02 -1 -2
-8.575581e-01 -9.343216e-01 1.820762e-01 
2
2
2 12 14 6 0 -1
2 14 14 2 0 3
haar_y3
-7.846273e-05 1 0
2
4 0 2 2 0 -1
4 0 2 1 0 2
tilted_haar_y2
5.852566e-03 -1 -2
-7.270972e-01 3.363242e-01 -7.961059e-01 
2
2
2 0 16 1 0 -1
6 0 8 1 0 2
haar_x4
-2.072679e-02 0 1
2
4 0 13 16 0 -1
4 8 13 8 0 2
haar_y2
3.808352e-01 -1 -2
2.572675e-01 -7.251785e-01 5.220106e-01 
2
2
1 1 4 5 0 -1
2 1 2 5 0 2
haar_x4
-5.025639e-05 1 0
2
9 3 8 6 0 -1
9 6 8 3 0 2
haar_y2
-6.246924e-02 -1 -2
-9.062983e-01 6.509997e-01 -1.866011e-01 
2
2
1 15 6 3 0 -1
3 16 2 1 0 9
haar_point
-8.524870e-03 1 0
2
13 13 4 3 0 -1
13 13 2 3 0 2
tilted_haar_x2
3.063620e-02 -1 -2
-5.465041e-01 4.015248e-01 -9.938108e-01 
-1.571910e+00

13
-1
