3
4
3
12 6 2 2 0 -1
12 6 1 1 0 2
13 7 1 1 0 2
haar_x2_y2
6.646831e-04 2 1
2
1 2 17 14 0 -1
1 9 17 7 0 2
haar_y2
6.915016e-02 0 3
2
1 7 16 11 0 -1
9 7 8 11 0 2
haar_x2
-4.727724e-01 -1 -2
2
2 5 3 1 0 -1
3 6 1 1 0 3
tilted_haar_x3
-2.712101e-05 -3 -4
-7.691963e-01 6.673104e-01 -8.377901e-01 8.794451e-01 -6.829489e-01 
4
2
5 16 8 4 0 -1
5 17 8 2 0 2
haar_y4
-1.429056e-02 1 2
2
2 7 14 2 0 -1
2 8 14 1 0 2
haar_y2
3.054858e-03 0 3
2
1 8 16 6 0 -1
9 8 8 6 0 2
haar_x2
2.663235e-01 -1 -2
2
7 7 4 2 0 -1
7 8 4 1 0 2
haar_y2
4.274201e-03 -3 -4
-8.567981e-01 -7.528813e-01 8.450943e-01 8.345218e-01 -9.520558e-01 
4
2
5 10 4 2 0 -1
5 10 4 1 0 2
tilted_haar_y2
-4.701193e-05 1 0
2
15 4 1 2 0 -1
15 5 1 1 0 2
haar_y2
-5.075998e-05 2 3
2
16 1 1 12 0 -1
16 7 1 6 0 2
haar_y2
-1.798160e-04 -1 -2
2
1 2 14 3 0 -1
1 3 14 1 0 3
haar_y3
-1.981576e-02 -3 -4
-8.573125e-01 -8.827642e-01 8.244406e-01 4.848475e-01 -8.058973e-01 
-8.605809e-01

1
-1
