9
2
2
0 4 19 12 0 -1
0 7 19 6 0 2
haar_y4
4.168468e-01 0 1
2
5 10 2 2 0 -1
5 11 2 1 0 2
haar_y2
-3.768223e-04 -1 -2
-5.922703e-01 6.157650e-01 -9.648585e-01 
2
2
10 3 1 4 0 -1
9 4 1 2 0 2
tilted_haar_x4
-2.856323e-03 0 1
2
7 5 8 2 0 -1
7 6 8 1 0 2
haar_y2
5.850044e-03 -1 -2
2.314855e-01 -8.395448e-01 2.229129e-01 
2
2
0 0 2 19 0 -1
1 0 1 19 0 2
haar_x2
2.134372e-02 1 0
2
0 1 2 17 0 -1
1 1 1 17 0 2
haar_x2
-1.903052e-02 -1 -2
6.625177e-01 8.192960e-01 -5.807612e-01 
2
2
14 9 3 6 0 -1
15 10 1 6 0 3
tilted_haar_y3
-8.541169e-03 0 1
2
9 2 2 8 0 -1
9 2 1 8 0 2
haar_x2
-2.532342e-03 -1 -2
3.199866e-01 9.032519e-02 -3.108256e-01 
2
2
5 9 6 3 0 -1
4 10 6 1 0 3
tilted_haar_y3
1.889544e-03 0 1
2
8 2 6 1 0 -1
10 4 2 1 0 3
tilted_haar_x3
8.389726e-03 -1 -2
-7.804335e-01 -6.388722e-01 6.596607e-01 
2
2
6 0 10 3 0 -1
6 1 10 1 0 3
haar_y3
1.597922e-02 1 0
2
5 0 9 4 0 -1
5 2 9 2 0 2
haar_y2
-1.714353e-02 -1 -2
3.927302e-01 1.574756e-01 -5.876648e-01 
2
2
5 9 2 1 0 -1
6 9 1 1 0 2
haar_x2
-2.538291e-05 1 0
3
0 1 18 16 0 -1
0 1 9 8 0 2
9 9 9 8 0 2
haar_x2_y2
-1.549152e-01 -1 -2
-9.028563e-01 -7.834052e-01 3.825733e-01 
2
2
12 10 1 8 0 -1
12 14 1 4 0 2
haar_y2
-3.521975e-05 1 0
2
18 4 1 12 0 -1
18 7 1 6 0 2
haar_y4
1.021165e-02 -1 -2
-6.719724e-01 -9.266227e-01 1.712998e-01 
2
2
9 9 1 3 0 -1
9 10 1 1 0 3
haar_y3
5.078900e-05 0 1
2
6 6 1 2 0 -1
6 7 1 1 0 2
haar_y2
5.863477e-04 -1 -2
-8.478113e-01 -9.158994e-01 4.602677e-01 
-1.510213e+00

33
-1
