5
2
3
0 0 2 10 0 -1
0 0 1 5 0 2
1 5 1 5 0 2
haar_x2_y2
-2.176897e-02 0 1
2
0 4 3 10 0 -1
1 4 1 10 0 3
haar_x3
-3.959654e-02 -1 -2
6.411682e-01 4.924204e-01 -7.538306e-01 
2
2
6 6 10 12 0 -1
6 9 10 6 0 2
haar_y4
5.220673e-02 0 1
2
12 17 2 1 0 -1
12 17 1 1 0 2
tilted_haar_x2
6.492683e-05 -1 -2
-7.134628e-01 -8.402718e-01 6.217957e-01 
2
2
1 0 16 1 0 -1
5 0 8 1 0 2
haar_x4
-4.246619e-02 0 1
3
1 16 10 4 0 -1
1 16 5 2 0 2
6 18 5 2 0 2
haar_x2_y2
-1.807681e-02 -1 -2
5.756814e-01 2.392942e-02 -9.185165e-01 
2
2
4 0 11 6 0 -1
4 3 11 3 0 2
haar_y2
8.198511e-03 0 1
2
13 3 4 9 0 -1
13 6 4 3 0 3
haar_y3
-1.077976e-02 -1 -2
-8.616645e-01 5.126400e-01 -8.914506e-01 
2
2
1 0 2 5 0 -1
2 0 1 5 0 2
haar_x2
-8.576703e-03 1 0
2
1 4 12 8 0 -1
7 4 6 8 0 2
haar_x2
6.868248e-02 -1 -2
-6.473354e-01 -6.507194e-01 6.792473e-01 
-1.617105e+00

5
-1
