7
2
2
2 8 10 11 0 -1
7 8 5 11 0 2
haar_x2
-1.829679e-01 1 0
2
5 2 4 6 0 -1
7 2 2 6 0 2
haar_x2
2.229266e-02 -1 -2
-6.343804e-01 -8.503296e-01 7.290918e-01 
2
2
11 17 2 3 0 -1
11 18 2 1 0 3
haar_y3
-1.289263e-04 1 0
2
13 1 4 9 0 -1
10 4 4 3 0 3
tilted_haar_x3
-7.763958e-02 -1 -2
-5.154023e-01 -4.595700e-01 7.725931e-02 
2
3
2 18 6 2 0 -1
2 18 3 1 0 2
5 19 3 1 0 2
haar_x2_y2
3.734573e-03 0 1
2
9 7 6 1 0 -1
11 9 2 1 0 3
tilted_haar_x3
-1.191936e-02 -1 -2
-4.135263e-01 7.295762e-01 -6.876095e-01 
2
3
12 6 2 2 0 -1
13 6 1 1 0 2
12 7 1 1 0 2
haar_x2_y2
-2.519631e-05 1 0
2
15 13 2 4 0 -1
15 14 2 2 0 2
haar_y4
2.034638e-03 -1 -2
-8.131647e-01 2.212985e-01 -9.514973e-01 
2
3
4 6 2 2 0 -1
4 6 1 1 0 2
5 7 1 1 0 2
haar_x2_y2
-5.526717e-05 1 0
2
1 6 16 3 0 -1
5 6 8 3 0 2
haar_x4
-2.260558e-02 -1 -2
-5.423378e-01 -7.742627e-01 5.941155e-01 
2
2
9 1 1 3 0 -1
8 2 1 1 0 3
tilted_haar_x3
-4.183637e-03 0 1
2
13 0 2 2 0 -1
13 0 1 2 0 2
tilted_haar_y2
1.777479e-03 -1 -2
-5.291720e-01 -7.460206e-01 3.044487e-01 
2
2
7 6 3 3 0 -1
7 7 3 1 0 3
haar_y3
3.160160e-03 1 0
2
6 6 6 4 0 -1
6 7 6 2 0 2
haar_y4
-8.201829e-03 -1 -2
-8.124204e-01 -9.184746e-01 4.538635e-01 
-1.583844e+00

29
-1
