7
2
3
0 0 2 6 0 -1
0 0 1 3 0 2
1 3 1 3 0 2
haar_x2_y2
-1.342193e-02 1 0
2
8 16 6 4 0 -1
8 18 6 2 0 2
haar_y2
-1.339481e-03 -1 -2
-5.000274e-01 6.657457e-01 -8.477665e-01 
2
3
0 8 2 12 0 -1
0 8 1 6 0 2
1 14 1 6 0 2
haar_x2_y2
2.038295e-02 1 0
2
0 13 3 3 0 -1
1 13 1 3 0 3
haar_x3
-1.345000e-02 -1 -2
4.731464e-01 3.993690e-01 -6.323733e-01 
2
2
4 0 12 9 0 -1
8 3 4 3 0 9
haar_point
2.547873e-01 1 0
2
10 1 6 9 0 -1
10 1 3 9 0 2
tilted_haar_x2
-1.334940e-01 -1 -2
6.325704e-01 4.024813e-01 -7.751100e-01 
2
2
11 0 6 1 0 -1
14 0 3 1 0 2
haar_x2
1.483413e-02 1 0
3
15 0 2 6 0 -1
15 0 1 3 0 2
16 3 1 3 0 2
haar_x2_y2
-6.648369e-03 -1 -2
4.164945e-01 2.130114e-01 -7.122008e-01 
2
2
3 11 12 6 0 -1
3 14 12 3 0 2
haar_y2
-3.869370e-03 1 0
2
16 9 2 8 0 -1
16 9 2 4 0 2
tilted_haar_y2
3.376632e-02 -1 -2
-8.266606e-01 3.441865e-01 -7.025244e-01 
2
2
14 7 4 6 0 -1
14 9 4 2 0 3
haar_y3
7.546268e-03 1 0
2
5 1 5 9 0 -1
5 4 5 3 0 3
haar_y3
9.865171e-02 -1 -2
2.425909e-01 -7.304353e-01 7.936237e-01 
2
2
6 19 12 1 0 -1
9 19 6 1 0 2
haar_x4
-3.932013e-03 1 0
2
11 19 4 1 0 -1
12 19 2 1 0 2
haar_x4
-1.800413e-03 -1 -2
-6.540052e-01 -6.718695e-01 4.156171e-01 
-1.617317e+00

8
-1
