7
2
2
8 3 4 4 0 -1
9 4 2 4 0 2
tilted_haar_x4
2.283293e-02 0 1
2
9 10 4 1 0 -1
9 10 2 1 0 2
tilted_haar_x2
1.367645e-02 -1 -2
-7.052259e-01 -6.827611e-01 7.594226e-01 
2
3
14 5 2 2 0 -1
15 5 1 1 0 2
14 6 1 1 0 2
haar_x2_y2
5.267094e-05 1 0
2
0 0 18 2 0 -1
0 1 18 1 0 2
haar_y2
-5.543573e-02 -1 -2
3.235134e-01 8.752080e-01 -1.757749e-01 
2
3
2 5 2 2 0 -1
2 5 1 1 0 2
3 6 1 1 0 2
haar_x2_y2
2.443743e-03 1 0
2
7 12 4 3 0 -1
7 13 4 1 0 3
haar_y3
-6.934464e-03 -1 -2
6.014426e-01 4.039131e-02 -7.927864e-01 
2
3
11 1 6 6 0 -1
14 1 3 3 0 2
11 4 3 3 0 2
haar_x2_y2
1.971944e-02 1 0
2
11 3 3 2 0 -1
12 3 1 2 0 3
haar_x3
-7.221690e-03 -1 -2
-7.873262e-01 -9.686434e-01 1.933726e-03 
2
3
1 1 6 6 0 -1
1 1 3 3 0 2
4 4 3 3 0 2
haar_x2_y2
-4.737790e-03 1 0
2
2 7 10 4 0 -1
2 8 10 2 0 2
haar_y4
-8.983950e-04 -1 -2
-7.910670e-01 -7.662203e-01 5.298489e-01 
2
2
11 3 3 2 0 -1
12 3 1 2 0 3
haar_x3
-2.931758e-05 1 0
2
10 13 2 5 0 -1
10 13 1 5 0 2
haar_x2
1.069129e-02 -1 -2
-3.704971e-01 1.656518e-02 -9.667304e-01 
2
2
4 3 3 2 0 -1
5 3 1 2 0 3
haar_x3
-2.367269e-05 1 0
2
1 7 16 9 0 -1
1 10 16 3 0 3
haar_y3
1.361927e-03 -1 -2
-7.337747e-01 -8.847802e-01 5.085722e-01 
-1.847664e+00

16
-1
