8
2
2
6 6 3 6 0 -1
7 7 1 6 0 3
tilted_haar_x3
1.024275e-02 0 1
2
8 7 2 1 0 -1
9 7 1 1 0 2
haar_x2
3.629743e-05 -1 -2
-7.327564e-01 -9.889866e-01 6.771009e-01 
2
2
15 8 3 7 0 -1
16 9 1 7 0 3
tilted_haar_y3
-2.670219e-05 0 1
2
10 7 4 3 0 -1
10 8 4 1 0 3
haar_y3
3.896561e-05 -1 -2
2.670410e-01 -9.080915e-01 3.215158e-01 
2
2
2 1 9 6 0 -1
5 3 3 2 0 9
haar_point
-1.205154e-01 1 0
2
7 11 4 3 0 -1
6 12 4 1 0 3
tilted_haar_y3
-4.543325e-03 -1 -2
-9.276275e-01 -6.312544e-01 5.387574e-01 
2
2
10 8 1 4 0 -1
9 9 1 2 0 2
tilted_haar_x4
-2.632463e-05 0 1
2
13 7 3 12 0 -1
13 13 3 6 0 2
haar_y2
-1.361679e-02 -1 -2
1.012386e-01 1.281354e-01 -9.311028e-01 
2
2
9 8 4 1 0 -1
10 9 2 1 0 2
tilted_haar_x4
4.685542e-03 0 1
2
3 1 12 10 0 -1
6 1 6 10 0 2
haar_x4
3.677872e-02 -1 -2
-8.585743e-01 -9.106407e-01 4.701042e-01 
2
2
1 5 18 2 0 -1
1 6 18 1 0 2
haar_y2
1.788645e-02 0 1
2
10 5 3 14 0 -1
11 5 1 14 0 3
haar_x3
6.859230e-05 -1 -2
-9.472063e-01 -4.880831e-01 7.383589e-04 
2
2
1 11 2 2 0 -1
1 12 2 1 0 2
haar_y2
-1.749254e-04 1 0
2
1 9 1 3 0 -1
1 10 1 1 0 3
haar_y3
1.956771e-03 -1 -2
-9.614455e-01 6.622114e-01 -5.574176e-01 
2
2
13 14 1 2 0 -1
13 15 1 1 0 2
haar_y2
-2.435976e-04 0 1
2
2 7 16 7 0 -1
6 7 8 7 0 2
haar_x4
-3.736299e-02 -1 -2
3.820705e-01 6.822869e-01 -3.798939e-01 
-1.307414e+00

19
-1
