2
4
2
4 4 1 3 0 -1
3 5 1 1 0 3
tilted_haar_y3
-4.786578e-05 1 0
2
1 16 17 4 0 -1
1 17 17 2 0 2
haar_y4
-6.460194e-03 2 -1
2
14 16 3 4 0 -1
14 17 3 2 0 2
haar_y4
-5.655338e-03 -2 3
2
2 16 1 4 0 -1
2 17 1 2 0 2
haar_y4
-1.857926e-03 -3 -4
-9.034627e-01 -6.857898e-01 -7.538408e-01 -8.240493e-01 8.405094e-01 
4
2
14 6 4 2 0 -1
15 6 2 2 0 2
haar_x4
-8.545762e-04 1 2
2
2 6 1 12 0 -1
2 10 1 4 0 3
haar_y3
2.581205e-05 0 3
2
5 4 6 11 0 -1
7 4 2 11 0 3
haar_x3
-8.948427e-02 -1 -2
2
13 8 4 10 0 -1
14 8 2 10 0 2
haar_x4
-1.033648e-03 -3 -4
-8.748949e-01 6.068815e-01 -8.713210e-01 -6.011884e-01 7.754605e-01 
-1.425238e+00

3
-1
