55
2
2
0 0 2 21 0 -1
0 7 2 7 0 3
haar_y3
-6.464739e-02 1 0
2
3 0 12 2 0 -1
3 1 12 1 0 2
haar_y2
-1.434499e-02 -1 -2
-3.469404e-01 7.021970e-01 5.080302e-02 
2
3
7 0 10 6 0 -1
12 0 5 3 0 2
7 3 5 3 0 2
haar_x2_y2
4.144560e-02 0 1
2
0 0 18 3 0 -1
0 0 9 3 0 2
haar_x2
1.377709e-01 -1 -2
-1.356668e-01 6.442356e-02 -8.302302e-01 
2
2
9 10 8 3 0 -1
9 10 4 3 0 2
tilted_haar_x2
2.784639e-02 0 1
3
1 16 8 6 0 -1
1 16 4 3 0 2
5 19 4 3 0 2
haar_x2_y2
-1.735656e-02 -1 -2
-2.089707e-01 5.451622e-01 1.450788e-02 
2
3
7 0 8 2 0 -1
11 0 4 1 0 2
7 1 4 1 0 2
haar_x2_y2
9.069043e-03 0 1
2
10 0 4 1 0 -1
11 1 2 1 0 2
tilted_haar_y4
4.871888e-03 -1 -2
-1.466467e-01 -6.758785e-02 1.504579e-01 
2
3
2 0 12 6 0 -1
2 0 6 3 0 2
8 3 6 3 0 2
haar_x2_y2
5.046947e-02 0 1
2
0 0 18 2 0 -1
9 0 9 2 0 2
haar_x2
-1.135785e-01 -1 -2
-5.081479e-02 -7.700765e-01 5.151305e-01 
2
2
12 4 2 2 0 -1
12 4 1 2 0 2
haar_x2
6.978625e-03 0 1
2
16 1 2 3 0 -1
15 2 2 1 0 3
tilted_haar_x3
-9.784460e-03 -1 -2
1.862175e-02 3.584265e-01 -1.254324e-01 
2
2
2 1 3 2 0 -1
3 2 1 2 0 3
tilted_haar_x3
-1.070484e-02 0 1
2
0 7 2 1 0 -1
1 7 1 1 0 2
haar_x2
-4.352773e-03 -1 -2
3.057869e-01 4.927242e-01 -2.338149e-01 
2
2
12 4 2 2 0 -1
12 4 1 2 0 2
haar_x2
6.842517e-03 0 1
2
15 16 3 3 0 -1
16 17 1 3 0 3
tilted_haar_y3
1.641623e-02 -1 -2
1.003094e-02 -3.924630e-02 3.345332e-01 
2
2
4 4 2 2 0 -1
5 4 1 2 0 2
haar_x2
-1.503178e-03 0 1
2
3 16 3 3 0 -1
2 17 3 1 0 3
tilted_haar_y3
1.179332e-02 -1 -2
-5.481727e-01 -4.066877e-02 4.203683e-01 
2
2
13 18 3 1 0 -1
14 19 1 1 0 3
tilted_haar_y3
-4.639399e-03 0 1
2
13 3 1 2 0 -1
13 4 1 1 0 2
haar_y2
-5.062480e-03 -1 -2
1.831665e-01 5.181035e-01 -1.842858e-02 
2
2
3 16 3 3 0 -1
2 17 3 1 0 3
tilted_haar_y3
-1.169682e-02 0 1
2
6 8 7 6 0 -1
6 8 7 3 0 2
tilted_haar_y2
4.551971e-02 -1 -2
2.678401e-01 -4.276313e-01 -3.083413e-02 
2
2
8 2 3 2 0 -1
9 2 1 2 0 3
haar_x3
5.363517e-03 0 1
2
9 2 3 1 0 -1
10 3 1 1 0 3
tilted_haar_y3
1.358037e-02 -1 -2
4.601682e-02 1.194112e-02 -5.842819e-01 
2
2
4 3 1 2 0 -1
4 4 1 1 0 2
haar_y2
-9.478983e-04 0 1
2
7 1 2 3 0 -1
6 2 2 1 0 3
tilted_haar_y3
-3.479890e-03 -1 -2
-4.431186e-01 -3.095801e-01 1.312892e-01 
2
2
8 14 3 7 0 -1
9 14 1 7 0 3
haar_x3
-1.279493e-02 1 0
2
9 13 1 6 0 -1
7 15 1 2 0 3
tilted_haar_x3
-2.801773e-02 -1 -2
2.341368e-02 -4.589936e-01 6.075938e-03 
2
2
7 14 3 7 0 -1
8 14 1 7 0 3
haar_x3
1.176700e-02 1 0
2
9 13 6 1 0 -1
11 15 2 1 0 3
tilted_haar_x3
2.223805e-02 -1 -2
-6.596045e-01 4.447230e-02 -9.234425e-01 
2
3
5 5 8 6 0 -1
9 5 4 3 0 2
5 8 4 3 0 2
haar_x2_y2
-2.038824e-02 1 0
2
10 5 2 12 0 -1
10 9 2 4 0 3
haar_y3
1.712966e-02 -1 -2
-1.242529e-01 -1.578071e-01 1.221345e-01 
2
2
7 2 3 2 0 -1
8 2 1 2 0 3
haar_x3
-2.987627e-03 0 1
2
0 10 17 10 0 -1
0 15 17 5 0 2
haar_y2
-2.053245e-01 -1 -2
-4.019316e-01 -6.000703e-01 1.597527e-01 
2
2
9 8 4 2 0 -1
10 9 2 2 0 2
tilted_haar_y4
1.074434e-02 1 0
2
9 5 3 6 0 -1
10 6 1 6 0 3
tilted_haar_y3
1.509469e-02 -1 -2
9.654263e-02 -5.433643e-02 1.714118e-01 
2
2
9 8 2 4 0 -1
8 9 2 2 0 2
tilted_haar_y4
1.206915e-02 1 0
2
9 5 6 3 0 -1
8 6 6 1 0 3
tilted_haar_y3
1.097227e-02 -1 -2
2.554016e-01 -2.848728e-01 1.801870e-01 
2
2
5 8 9 3 0 -1
8 8 3 3 0 3
haar_x3
-1.236617e-02 0 1
2
8 6 6 3 0 -1
10 6 2 3 0 3
haar_x3
1.671784e-02 -1 -2
2.003415e-01 -5.061841e-02 2.204809e-01 
2
2
6 15 3 1 0 -1
7 16 1 1 0 3
tilted_haar_x3
4.736190e-03 1 0
2
8 6 3 8 0 -1
8 6 3 4 0 2
tilted_haar_y2
1.050380e-01 -1 -2
-5.283470e-01 4.516766e-02 -6.670387e-01 
2
3
16 6 2 10 0 -1
17 6 1 5 0 2
16 11 1 5 0 2
haar_x2_y2
-4.671781e-03 0 1
2
11 17 1 3 0 -1
10 18 1 1 0 3
tilted_haar_x3
1.165484e-02 -1 -2
2.704120e-01 1.969413e-04 -7.149012e-01 
2
3
0 6 2 10 0 -1
0 6 1 5 0 2
1 11 1 5 0 2
haar_x2_y2
-9.440444e-03 0 1
2
3 21 3 1 0 -1
4 21 1 1 0 3
haar_x3
-2.928908e-03 -1 -2
2.751341e-01 2.343166e-01 -2.471177e-01 
2
2
16 14 1 2 0 -1
16 14 1 1 0 2
tilted_haar_x2
1.034997e-02 1 0
3
13 0 4 2 0 -1
15 0 2 1 0 2
13 1 2 1 0 2
haar_x2_y2
-6.429860e-03 -1 -2
-7.468451e-01 4.391420e-01 -6.979193e-02 
2
2
2 14 2 1 0 -1
2 14 1 1 0 2
tilted_haar_x2
5.371576e-03 1 0
2
3 3 6 3 0 -1
3 4 6 1 0 3
haar_y3
1.393041e-02 -1 -2
-6.151223e-01 9.570724e-02 -6.418512e-01 
2
2
9 2 3 1 0 -1
10 3 1 1 0 3
tilted_haar_y3
-5.540912e-03 0 1
2
10 5 4 5 0 -1
11 6 2 5 0 2
tilted_haar_y4
2.710015e-02 -1 -2
-2.196068e-01 -4.549884e-02 2.287719e-01 
2
2
0 0 2 1 0 -1
1 0 1 1 0 2
haar_x2
6.367248e-04 1 0
2
0 0 2 1 0 -1
1 0 1 1 0 2
haar_x2
-1.722102e-04 -1 -2
-2.727474e-01 -1.313291e-01 2.862719e-01 
2
3
13 0 4 2 0 -1
15 0 2 1 0 2
13 1 2 1 0 2
haar_x2_y2
-1.594372e-03 0 1
3
11 0 6 4 0 -1
14 0 3 2 0 2
11 2 3 2 0 2
haar_x2_y2
1.177806e-02 -1 -2
9.246504e-02 -9.444246e-02 2.541310e-01 
2
3
1 0 4 2 0 -1
1 0 2 1 0 2
3 1 2 1 0 2
haar_x2_y2
-7.920953e-03 0 1
3
1 0 6 4 0 -1
1 0 3 2 0 2
4 2 3 2 0 2
haar_x2_y2
-1.616673e-02 -1 -2
4.165553e-01 3.381829e-01 -1.661824e-01 
2
2
4 14 12 4 0 -1
8 14 4 4 0 3
haar_x3
2.157806e-02 0 1
2
15 5 2 1 0 -1
15 5 1 1 0 2
tilted_haar_y2
9.941202e-03 -1 -2
-1.056263e-01 1.077356e-02 -8.160930e-01 
2
2
0 1 12 9 0 -1
4 4 4 3 0 9
haar_point
3.079794e-01 1 0
2
5 2 8 3 0 -1
5 2 4 3 0 2
tilted_haar_x2
-7.712611e-03 -1 -2
6.155672e-01 8.685565e-02 -4.172288e-01 
2
3
1 6 16 12 0 -1
9 6 8 6 0 2
1 12 8 6 0 2
haar_x2_y2
1.595440e-01 0 1
2
9 16 3 3 0 -1
8 17 3 1 0 3
tilted_haar_x3
1.197322e-02 -1 -2
3.939201e-02 -2.600523e-02 2.352017e-01 
2
3
4 20 2 2 0 -1
4 20 1 1 0 2
5 21 1 1 0 2
haar_x2_y2
-3.710518e-03 0 1
3
3 19 2 2 0 -1
3 19 1 1 0 2
4 20 1 1 0 2
haar_x2_y2
3.207682e-03 -1 -2
4.758658e-01 -1.458784e-01 3.910978e-01 
2
2
9 16 1 4 0 -1
8 17 1 2 0 2
tilted_haar_x4
1.653526e-04 1 0
2
10 3 2 2 0 -1
10 3 1 2 0 2
haar_x2
5.918489e-03 -1 -2
8.333683e-02 2.174920e-02 -6.254203e-01 
2
2
9 16 4 1 0 -1
10 17 2 1 0 2
tilted_haar_x4
4.994709e-03 1 0
2
6 3 2 2 0 -1
7 3 1 2 0 2
haar_x2
-1.991971e-03 -1 -2
-5.279595e-01 -5.932766e-01 7.179285e-02 
2
2
5 6 8 6 0 -1
7 6 4 6 0 2
haar_x4
-1.332737e-02 0 1
2
10 5 4 6 0 -1
11 6 2 6 0 2
tilted_haar_y4
-1.155778e-03 -1 -2
2.609518e-01 8.546074e-02 -8.737356e-02 
2
2
8 5 6 4 0 -1
7 6 6 2 0 2
tilted_haar_y4
1.634552e-02 1 0
2
9 4 4 6 0 -1
7 6 4 2 0 3
tilted_haar_y3
-3.572473e-02 -1 -2
1.863022e-01 1.702142e-01 -3.433718e-01 
2
2
7 10 4 12 0 -1
7 14 4 4 0 3
haar_y3
-6.402637e-02 0 1
2
10 4 8 10 0 -1
10 4 4 10 0 2
tilted_haar_y2
-3.129342e-01 -1 -2
-6.186953e-01 4.909851e-01 -1.920976e-02 
2
2
4 16 3 1 0 -1
5 17 1 1 0 3
tilted_haar_x3
-7.675930e-03 0 1
2
5 17 2 1 0 -1
5 17 1 1 0 2
tilted_haar_x2
4.086975e-03 -1 -2
-6.171836e-01 1.278923e-01 -5.027166e-01 
2
3
1 6 16 12 0 -1
9 6 8 6 0 2
1 12 8 6 0 2
haar_x2_y2
1.595440e-01 0 1
2
13 7 5 9 0 -1
10 10 5 3 0 3
tilted_haar_x3
1.575969e-01 -1 -2
2.645136e-02 2.962660e-02 -4.739576e-01 
2
2
1 6 6 6 0 -1
3 6 2 6 0 3
haar_x3
4.144225e-02 1 0
2
4 9 9 4 0 -1
3 10 9 2 0 2
tilted_haar_y4
3.270470e-02 -1 -2
4.065302e-01 -1.504022e-01 4.291922e-01 
2
2
10 4 8 10 0 -1
10 4 4 10 0 2
tilted_haar_y2
2.443812e-01 0 1
3
1 7 16 10 0 -1
9 7 8 5 0 2
1 12 8 5 0 2
haar_x2_y2
1.072936e-01 -1 -2
1.435008e-02 5.502842e-02 -5.361808e-01 
2
2
8 4 10 8 0 -1
8 4 10 4 0 2
tilted_haar_y2
-7.106799e-02 0 1
2
4 5 6 12 0 -1
6 9 2 4 0 9
haar_point
1.067664e-01 -1 -2
-6.219026e-01 -6.433683e-02 2.950960e-01 
2
2
0 5 18 12 0 -1
0 9 18 4 0 3
haar_y3
2.268988e-01 1 0
2
1 6 16 8 0 -1
5 6 8 8 0 2
haar_x4
2.179125e-01 -1 -2
-5.405315e-01 2.721525e-02 -6.829807e-01 
2
2
9 1 9 4 0 -1
9 1 9 2 0 2
tilted_haar_y2
-1.077223e-02 0 1
2
4 7 7 9 0 -1
4 10 7 3 0 3
haar_y3
3.359947e-02 -1 -2
1.851679e-01 -4.607833e-01 1.206756e-01 
2
2
12 0 6 6 0 -1
12 3 6 3 0 2
haar_y2
-3.800292e-02 0 1
2
1 0 16 2 0 -1
5 0 8 2 0 2
haar_x4
5.272913e-02 -1 -2
1.540194e-01 -4.124372e-02 5.180252e-01 
2
2
0 0 5 6 0 -1
0 3 5 3 0 2
haar_y2
-8.933403e-03 1 0
2
3 1 10 17 0 -1
8 1 5 17 0 2
haar_x2
2.371447e-01 -1 -2
-2.372954e-01 6.720491e-03 5.841416e-01 
2
2
11 13 3 6 0 -1
11 13 3 3 0 2
tilted_haar_x2
-1.262327e-02 1 0
2
9 2 4 8 0 -1
10 3 2 8 0 2
tilted_haar_y4
4.393115e-02 -1 -2
-1.470924e-02 -2.755735e-02 2.982476e-01 
2
2
7 13 6 3 0 -1
7 13 3 3 0 2
tilted_haar_x2
7.797268e-03 1 0
2
9 2 8 4 0 -1
8 3 8 2 0 2
tilted_haar_y4
2.081287e-02 -1 -2
1.711259e-01 -3.138481e-01 2.544817e-01 
2
2
8 15 2 4 0 -1
8 17 2 2 0 2
haar_y2
-1.239069e-02 0 1
2
9 14 2 1 0 -1
9 14 1 1 0 2
tilted_haar_y2
8.426630e-03 -1 -2
-6.074297e-01 1.061820e-02 -7.682608e-01 
2
2
9 14 1 2 0 -1
9 14 1 1 0 2
tilted_haar_y2
4.594923e-04 0 1
2
4 14 8 5 0 -1
6 14 4 5 0 2
haar_x4
8.371098e-03 -1 -2
-1.719259e-01 -1.006667e-02 3.998325e-01 
2
2
12 2 3 1 0 -1
13 3 1 1 0 3
tilted_haar_y3
1.355686e-02 0 1
2
11 7 4 5 0 -1
12 8 2 5 0 2
tilted_haar_y4
-1.377439e-02 -1 -2
1.784034e-02 2.481391e-01 -2.661851e-02 
2
2
6 2 1 3 0 -1
5 3 1 1 0 3
tilted_haar_y3
-5.083045e-03 0 1
2
7 7 5 4 0 -1
6 8 5 2 0 2
tilted_haar_y4
-5.908209e-03 -1 -2
-5.742982e-01 2.847276e-01 -8.073037e-02 
2
3
2 7 14 10 0 -1
9 7 7 5 0 2
2 12 7 5 0 2
haar_x2_y2
1.279514e-01 0 1
2
10 3 4 6 0 -1
11 4 2 6 0 2
tilted_haar_y4
3.567625e-02 -1 -2
3.230184e-02 -3.051436e-02 2.873626e-01 
2
2
8 3 6 4 0 -1
7 4 6 2 0 2
tilted_haar_y4
-1.428642e-02 1 0
2
7 3 2 3 0 -1
6 4 2 1 0 3
tilted_haar_y3
-7.081067e-03 -1 -2
-1.353569e-01 -4.381129e-01 3.926551e-01 
-1.801846e+00

8
-1
