7
2
2
8 3 2 8 0 -1
9 3 1 8 0 2
haar_x2
9.323536e-03 0 1
2
2 1 15 7 0 -1
7 1 5 7 0 3
haar_x3
8.939312e-02 -1 -2
-8.565759e-01 -9.083444e-01 7.662415e-01 
2
2
17 11 1 6 0 -1
17 11 1 3 0 2
tilted_haar_x2
1.772933e-03 0 1
2
8 8 7 4 0 -1
8 9 7 2 0 2
haar_y4
1.854168e-03 -1 -2
-7.287135e-01 -9.824990e-01 2.934289e-01 
2
2
4 10 2 1 0 -1
5 10 1 1 0 2
haar_x2
-6.164114e-05 1 0
2
0 5 1 8 0 -1
0 7 1 4 0 2
haar_y4
1.258090e-02 -1 -2
-9.383976e-01 8.277801e-01 -4.283482e-01 
2
3
8 13 6 4 0 -1
11 13 3 2 0 2
8 15 3 2 0 2
haar_x2_y2
1.540905e-03 1 0
2
8 11 3 4 0 -1
8 13 3 2 0 2
haar_y2
-1.409340e-02 -1 -2
5.400218e-01 5.929868e-01 -5.386268e-01 
2
3
6 13 6 4 0 -1
6 13 3 2 0 2
9 15 3 2 0 2
haar_x2_y2
6.621161e-03 1 0
3
0 1 6 2 0 -1
0 1 3 1 0 2
3 2 3 1 0 2
haar_x2_y2
-4.029218e-03 -1 -2
6.118501e-01 1.390166e-01 -8.636806e-01 
2
2
2 4 15 2 0 -1
7 4 5 2 0 3
haar_x3
5.826610e-02 1 0
2
5 5 9 6 0 -1
8 5 3 6 0 3
haar_x3
4.175834e-02 -1 -2
4.600900e-01 -9.505970e-01 9.399112e-02 
2
2
6 15 7 3 0 -1
6 16 7 1 0 3
haar_y3
-1.192503e-02 0 1
2
0 2 2 2 0 -1
1 2 1 2 0 2
haar_x2
4.526480e-03 -1 -2
6.517605e-01 -9.884068e-01 4.283356e-01 
-1.744508e+00

10
-1
