3
2
2
1 5 16 6 0 -1
1 8 16 3 0 2
haar_y2
4.695822e-02 0 1
2
3 2 12 5 0 -1
7 2 4 5 0 3
haar_x3
2.974201e-02 -1 -2
-9.301068e-01 -8.458413e-01 9.064710e-01 
2
2
5 16 8 4 0 -1
5 17 8 2 0 2
haar_y4
-7.707059e-03 1 0
2
10 0 8 4 0 -1
12 2 4 4 0 2
tilted_haar_y4
-3.622708e-03 -1 -2
-8.201907e-01 3.583850e-01 -8.210787e-01 
2
2
8 0 4 8 0 -1
6 2 4 4 0 2
tilted_haar_y4
-2.371265e-02 1 0
2
1 13 16 2 0 -1
5 13 8 2 0 2
haar_x4
-5.085015e-03 -1 -2
-8.496788e-01 8.578156e-01 -6.142106e-01 
-1.421401e+00

-1
-1
