6
2
3
1 0 12 2 0 -1
1 0 6 1 0 2
7 1 6 1 0 2
haar_x2_y2
1.149621e-02 1 0
2
1 0 5 2 0 -1
1 1 5 1 0 2
haar_y2
-1.079125e-02 -1 -2
6.612155e-01 5.347146e-01 -8.585647e-01 
2
2
14 0 2 14 0 -1
14 0 2 7 0 2
tilted_haar_x2
5.816650e-03 1 0
2
4 5 12 2 0 -1
7 5 6 2 0 2
haar_x4
-9.237432e-04 -1 -2
1.598566e-01 -7.000729e-01 2.977939e-02 
2
2
4 0 14 2 0 -1
4 0 7 2 0 2
tilted_haar_x2
-1.389298e-01 1 0
2
2 5 12 2 0 -1
5 5 6 2 0 2
haar_x4
8.998017e-03 -1 -2
-7.805126e-01 -8.754132e-01 8.209387e-01 
2
3
5 18 12 2 0 -1
11 18 6 1 0 2
5 19 6 1 0 2
haar_x2_y2
4.522498e-03 0 1
2
16 5 1 4 0 -1
15 6 1 2 0 2
tilted_haar_x4
4.904643e-04 -1 -2
-1.812912e-01 -2.655329e-01 2.176028e-01 
2
3
1 18 12 2 0 -1
1 18 6 1 0 2
7 19 6 1 0 2
haar_x2_y2
4.526787e-03 0 1
2
5 14 4 5 0 -1
6 14 2 5 0 2
haar_x4
-1.895049e-03 -1 -2
-6.082203e-01 7.108527e-01 -7.938538e-01 
2
2
11 8 5 12 0 -1
11 14 5 6 0 2
haar_y2
1.904343e-02 1 0
3
7 9 4 8 0 -1
9 9 2 4 0 2
7 13 2 4 0 2
haar_x2_y2
7.760389e-03 -1 -2
-7.121899e-01 -7.892129e-01 3.388164e-01 
-2.059993e+00

12
-1
