25
2
2
0 0 18 3 0 -1
6 1 6 1 0 9
haar_point
-1.086800e-01 0 1
2
1 10 16 5 0 -1
5 10 8 5 0 2
haar_x4
6.681854e-02 -1 -2
6.831478e-01 -7.012987e-01 1.240321e-01 
2
2
5 7 8 12 0 -1
5 10 8 6 0 2
haar_y4
2.202370e-02 1 0
2
15 16 2 4 0 -1
15 16 1 4 0 2
tilted_haar_y2
3.379468e-04 -1 -2
3.056543e-01 -2.170448e-01 1.186126e-01 
2
3
0 10 6 12 0 -1
0 10 3 6 0 2
3 16 3 6 0 2
haar_x2_y2
-2.878527e-02 1 0
2
2 0 4 2 0 -1
2 0 2 2 0 2
tilted_haar_x2
2.936483e-02 -1 -2
-5.628698e-01 -9.314470e-02 7.900296e-01 
2
2
6 3 12 12 0 -1
6 3 6 12 0 2
haar_x2
3.766933e-02 1 0
2
12 0 6 6 0 -1
10 2 6 2 0 3
tilted_haar_x3
8.011156e-02 -1 -2
1.331566e-01 -1.234025e-01 5.211385e-01 
2
2
1 3 12 10 0 -1
7 3 6 10 0 2
haar_x2
6.328066e-02 1 0
2
5 0 4 5 0 -1
5 0 2 5 0 2
tilted_haar_x2
-7.163517e-02 -1 -2
2.630099e-01 7.637302e-01 -6.015099e-01 
2
2
4 13 10 8 0 -1
4 17 10 4 0 2
haar_y2
-3.362291e-05 1 0
2
14 0 4 6 0 -1
12 2 4 2 0 3
tilted_haar_x3
7.525606e-02 -1 -2
-7.127095e-01 -1.863214e-01 6.773684e-01 
2
2
4 0 6 4 0 -1
6 2 2 4 0 3
tilted_haar_x3
-7.548641e-02 0 1
2
3 2 14 2 0 -1
3 2 7 2 0 2
tilted_haar_x2
-7.491907e-02 -1 -2
7.737337e-01 4.315564e-01 -2.469168e-01 
2
2
15 0 3 3 0 -1
14 1 3 1 0 3
tilted_haar_x3
-1.856097e-02 0 1
2
12 8 6 4 0 -1
12 8 3 4 0 2
tilted_haar_y2
2.166570e-04 -1 -2
6.420707e-01 -3.253547e-01 1.765946e-01 
2
2
6 0 6 4 0 -1
8 2 2 4 0 3
tilted_haar_x3
6.839052e-02 1 0
2
1 16 3 6 0 -1
1 19 3 3 0 2
haar_y2
1.908402e-02 -1 -2
5.774019e-01 -3.770837e-01 2.712473e-01 
2
2
12 8 6 6 0 -1
12 8 3 6 0 2
tilted_haar_y2
1.083111e-01 1 0
2
5 10 8 2 0 -1
7 10 4 2 0 2
haar_x4
1.141458e-02 -1 -2
-7.327917e-01 -2.409631e-01 1.965559e-01 
2
2
6 8 6 6 0 -1
6 8 6 3 0 2
tilted_haar_y2
1.857253e-04 1 0
2
2 0 11 6 0 -1
2 2 11 2 0 3
haar_y3
-9.093615e-02 -1 -2
2.275908e-01 6.722242e-01 -4.536536e-01 
2
2
9 8 1 8 0 -1
7 10 1 4 0 2
tilted_haar_x4
7.294900e-03 1 0
2
10 2 8 7 0 -1
10 2 4 7 0 2
tilted_haar_y2
-1.813579e-01 -1 -2
1.138975e-01 5.256127e-01 -1.757797e-01 
2
2
0 9 1 10 0 -1
0 14 1 5 0 2
haar_y2
1.792486e-02 1 0
2
3 16 4 2 0 -1
3 16 4 1 0 2
tilted_haar_y2
1.512838e-02 -1 -2
5.067360e-01 -2.314425e-01 5.219455e-01 
2
2
4 12 10 8 0 -1
4 16 10 4 0 2
haar_y2
-4.483583e-04 1 0
2
8 3 4 2 0 -1
8 4 4 1 0 2
haar_y2
4.830454e-05 -1 -2
-6.634013e-01 -3.191352e-01 6.329098e-02 
2
2
9 7 9 1 0 -1
12 10 3 1 0 3
tilted_haar_x3
1.135869e-03 1 0
2
6 8 5 4 0 -1
6 8 5 2 0 2
tilted_haar_y2
4.242186e-02 -1 -2
3.542989e-01 8.101138e-02 -7.897545e-01 
2
3
6 8 6 6 0 -1
9 8 3 3 0 2
6 11 3 3 0 2
haar_x2_y2
-7.361872e-03 1 0
3
11 0 4 2 0 -1
13 0 2 1 0 2
11 1 2 1 0 2
haar_x2_y2
4.647329e-03 -1 -2
-3.300568e-01 -2.465802e-01 4.435043e-01 
2
2
7 9 3 6 0 -1
7 9 3 3 0 2
tilted_haar_y2
3.196495e-05 1 0
2
7 1 4 4 0 -1
8 1 2 4 0 2
haar_x4
-3.699286e-03 -1 -2
3.063763e-01 -8.986282e-01 1.913049e-01 
2
2
9 15 3 4 0 -1
9 15 3 2 0 2
tilted_haar_x2
4.086345e-03 1 0
2
5 8 8 14 0 -1
5 8 4 14 0 2
haar_x2
3.121311e-02 -1 -2
5.023548e-02 -2.074713e-01 1.439834e-01 
2
2
3 0 8 2 0 -1
3 1 8 1 0 2
haar_y2
-4.774125e-03 0 1
2
5 2 8 9 0 -1
5 5 8 3 0 3
haar_y3
-9.953763e-03 -1 -2
2.501342e-01 4.886778e-02 -6.100824e-01 
2
3
5 6 8 6 0 -1
9 6 4 3 0 2
5 9 4 3 0 2
haar_x2_y2
-1.330918e-02 1 0
2
11 14 1 4 0 -1
11 14 1 2 0 2
tilted_haar_x2
5.790613e-04 -1 -2
-2.178849e-01 -2.154087e-01 8.846658e-02 
2
2
9 15 4 3 0 -1
9 15 2 3 0 2
tilted_haar_x2
2.661488e-05 1 0
2
2 8 2 6 0 -1
2 10 2 2 0 3
haar_y3
-3.378463e-03 -1 -2
3.198895e-01 -6.379781e-01 1.636344e-01 
2
2
7 11 8 1 0 -1
7 11 4 1 0 2
haar_x2
3.561536e-03 1 0
2
11 7 6 6 0 -1
13 7 2 6 0 3
haar_x3
1.056036e-02 -1 -2
4.573819e-02 -2.041817e-01 1.611317e-01 
2
2
0 6 18 12 0 -1
9 6 9 12 0 2
haar_x2
1.946901e-01 1 0
2
1 7 6 6 0 -1
3 7 2 6 0 3
haar_x3
2.436420e-02 -1 -2
2.924202e-01 -3.162419e-01 4.134417e-01 
2
2
0 10 18 4 0 -1
6 10 6 4 0 3
haar_x3
3.871925e-04 1 0
2
9 0 4 8 0 -1
9 0 2 8 0 2
tilted_haar_y2
-8.666492e-02 -1 -2
4.442174e-02 4.119216e-01 -1.867756e-01 
2
2
3 11 8 1 0 -1
7 11 4 1 0 2
haar_x2
6.261563e-04 1 0
2
6 4 2 2 0 -1
7 4 1 2 0 2
haar_x2
-1.630781e-03 -1 -2
6.618576e-02 -8.609570e-01 -5.793652e-02 
-2.119879e+00

2
-1
