5
2
2
2 2 15 6 0 -1
7 2 5 6 0 3
haar_x3
1.186916e-01 0 1
2
5 1 9 6 0 -1
5 3 9 2 0 3
haar_y3
-2.108891e-02 -1 -2
-8.150210e-01 8.787854e-01 -8.032755e-01 
2
2
9 4 2 7 0 -1
9 4 1 7 0 2
haar_x2
-4.714726e-03 0 1
2
13 10 2 1 0 -1
13 10 1 1 0 2
haar_x2
-2.497451e-05 -1 -2
4.846177e-01 3.153117e-01 -1.790523e-01 
2
2
1 0 17 3 0 -1
1 1 17 1 0 3
haar_y3
3.523992e-02 1 0
2
7 2 4 16 0 -1
9 2 2 16 0 2
haar_x2
8.416963e-02 -1 -2
7.497583e-01 -8.228800e-01 6.036075e-01 
2
2
10 4 1 4 0 -1
9 5 1 2 0 2
tilted_haar_x4
-2.331506e-03 0 1
3
15 3 4 8 0 -1
17 3 2 4 0 2
15 7 2 4 0 2
haar_x2_y2
2.218793e-03 -1 -2
1.339517e-01 -5.466791e-01 1.115900e-01 
2
2
9 4 4 1 0 -1
10 5 2 1 0 2
tilted_haar_x4
4.010877e-03 0 1
3
0 3 4 8 0 -1
0 3 2 4 0 2
2 7 2 4 0 2
haar_x2_y2
5.334781e-03 -1 -2
-9.094459e-01 -7.845673e-01 7.067575e-01 
-1.792154e+00

7
-1
