69
2
2
0 1 8 1 0 -1
4 1 4 1 0 2
haar_x2
-8.993709e-03 1 0
3
0 10 10 12 0 -1
0 10 5 6 0 2
5 16 5 6 0 2
haar_x2_y2
-4.388546e-02 -1 -2
-3.386777e-01 5.073858e-01 -1.945496e-01 
2
2
9 13 2 6 0 -1
9 13 2 3 0 2
tilted_haar_x2
2.395716e-02 0 1
2
2 0 14 4 0 -1
2 1 14 2 0 2
haar_y4
-8.891037e-03 -1 -2
-7.256772e-02 1.978000e-01 -2.413338e-01 
2
2
9 13 6 2 0 -1
9 13 3 2 0 2
tilted_haar_x2
6.585605e-03 0 1
2
0 21 18 1 0 -1
6 21 6 1 0 3
haar_x3
-4.096155e-02 -1 -2
-2.694952e-01 6.511875e-01 1.062258e-01 
2
2
16 15 2 1 0 -1
16 15 1 1 0 2
haar_x2
4.683484e-03 0 1
2
16 5 2 2 0 -1
16 5 2 1 0 2
tilted_haar_x2
9.772826e-03 -1 -2
-5.577129e-02 -7.120368e-02 3.038097e-01 
2
2
0 15 2 1 0 -1
1 15 1 1 0 2
haar_x2
-4.516241e-03 0 1
2
2 5 2 2 0 -1
2 5 1 2 0 2
tilted_haar_x2
1.536412e-02 -1 -2
4.658478e-01 -1.415526e-01 4.486609e-01 
2
2
6 0 6 8 0 -1
6 2 6 4 0 2
haar_y4
6.584398e-02 1 0
2
1 11 16 6 0 -1
5 11 8 6 0 2
haar_x4
6.452002e-02 -1 -2
5.704045e-01 -1.680462e-01 9.684323e-02 
2
2
1 0 4 1 0 -1
3 0 2 1 0 2
haar_x2
-1.437194e-03 0 1
2
2 0 2 1 0 -1
3 0 1 1 0 2
haar_x2
6.664211e-04 -1 -2
-2.928827e-01 1.876285e-01 -2.842317e-01 
2
3
10 0 6 2 0 -1
13 0 3 1 0 2
10 1 3 1 0 2
haar_x2_y2
5.595382e-03 1 0
2
3 0 12 2 0 -1
3 1 12 1 0 2
haar_y2
-1.803831e-02 -1 -2
3.114561e-01 2.184502e-01 -1.050717e-01 
2
2
7 12 1 2 0 -1
7 13 1 1 0 2
haar_y2
-5.108213e-05 0 1
2
7 12 1 2 0 -1
7 13 1 1 0 2
haar_y2
5.011768e-05 -1 -2
6.952237e-02 -7.458505e-01 -1.440612e-01 
2
2
14 5 3 2 0 -1
14 5 3 1 0 2
tilted_haar_x2
2.664462e-03 1 0
2
3 11 12 10 0 -1
3 16 12 5 0 2
haar_y2
-1.875414e-01 -1 -2
1.385459e-01 -6.410064e-01 2.876691e-02 
2
2
4 5 2 3 0 -1
4 5 1 3 0 2
tilted_haar_x2
4.672544e-03 1 0
3
4 20 2 2 0 -1
4 20 1 1 0 2
5 21 1 1 0 2
haar_x2_y2
3.764199e-03 -1 -2
-4.720294e-01 -5.125005e-02 5.088297e-01 
2
2
9 7 7 12 0 -1
9 11 7 4 0 3
haar_y3
1.928366e-01 1 0
2
9 8 1 8 0 -1
7 10 1 4 0 2
tilted_haar_x4
8.700376e-03 -1 -2
-7.624511e-01 -6.412987e-02 1.078999e-01 
2
2
9 2 1 3 0 -1
8 3 1 1 0 3
tilted_haar_y3
-2.944033e-03 0 1
2
4 8 10 7 0 -1
9 8 5 7 0 2
haar_x2
-1.030208e-01 -1 -2
-3.807168e-01 -9.203108e-01 9.710799e-02 
2
2
9 3 3 4 0 -1
8 4 3 2 0 2
tilted_haar_x4
-3.997525e-02 1 0
3
5 4 12 6 0 -1
11 4 6 3 0 2
5 7 6 3 0 2
haar_x2_y2
1.081174e-01 -1 -2
-3.798232e-03 -2.269193e-02 5.480859e-01 
2
2
9 3 4 3 0 -1
10 4 2 3 0 2
tilted_haar_x4
1.293121e-02 1 0
3
1 4 12 6 0 -1
1 4 6 3 0 2
7 7 6 3 0 2
haar_x2_y2
1.432972e-02 -1 -2
2.585942e-01 -2.744549e-01 7.730799e-02 
2
2
2 8 14 12 0 -1
2 14 14 6 0 2
haar_y2
5.067508e-02 1 0
2
7 7 6 2 0 -1
9 7 2 2 0 3
haar_x3
-5.794317e-03 -1 -2
-4.067049e-01 1.259682e-01 -6.312978e-02 
2
2
9 12 4 1 0 -1
10 13 2 1 0 2
tilted_haar_x4
9.767907e-03 1 0
2
5 6 6 7 0 -1
7 6 2 7 0 3
haar_x3
-2.223421e-02 -1 -2
-6.528233e-01 3.939064e-01 2.426391e-03 
2
3
10 0 6 2 0 -1
13 0 3 1 0 2
10 1 3 1 0 2
haar_x2_y2
-8.759540e-03 0 1
2
13 1 1 2 0 -1
13 2 1 1 0 2
haar_y2
5.000833e-03 -1 -2
2.846784e-01 -3.330698e-02 5.311939e-01 
2
3
2 0 6 2 0 -1
2 0 3 1 0 2
5 1 3 1 0 2
haar_x2_y2
7.041486e-03 0 1
2
4 1 1 2 0 -1
4 2 1 1 0 2
haar_y2
-7.899761e-04 -1 -2
-1.239954e-01 -4.438129e-01 4.469704e-01 
2
2
12 19 3 3 0 -1
13 20 1 1 0 9
haar_point
1.671721e-02 0 1
2
12 2 4 10 0 -1
12 2 4 5 0 2
tilted_haar_x2
-4.777640e-02 -1 -2
-2.331981e-02 1.189614e-01 -4.179742e-02 
2
2
3 19 3 3 0 -1
4 20 1 1 0 9
haar_point
-8.133126e-03 0 1
2
6 2 10 4 0 -1
6 2 5 4 0 2
tilted_haar_x2
-1.252821e-01 -1 -2
2.912127e-01 1.210089e-01 -2.208383e-01 
2
3
3 7 12 12 0 -1
9 7 6 6 0 2
3 13 6 6 0 2
haar_x2_y2
1.150307e-01 0 1
2
10 17 2 3 0 -1
9 18 2 1 0 3
tilted_haar_x3
3.256035e-03 -1 -2
3.772017e-02 -5.556780e-02 1.259918e-01 
2
2
8 17 3 2 0 -1
9 18 1 2 0 3
tilted_haar_x3
8.966563e-03 1 0
3
0 14 2 6 0 -1
0 14 1 3 0 2
1 17 1 3 0 2
haar_x2_y2
-4.522929e-03 -1 -2
-5.823205e-01 2.981456e-01 -7.898342e-02 
2
3
3 7 12 12 0 -1
9 7 6 6 0 2
3 13 6 6 0 2
haar_x2_y2
1.150307e-01 0 1
2
11 5 2 1 0 -1
11 5 1 1 0 2
haar_x2
3.875596e-03 -1 -2
3.503460e-02 1.676831e-02 -6.066744e-01 
2
2
3 16 3 3 0 -1
2 17 3 1 0 3
tilted_haar_y3
6.530318e-03 0 1
2
3 4 12 3 0 -1
3 4 6 3 0 2
tilted_haar_x2
-7.948422e-02 -1 -2
-1.330043e-01 4.404227e-01 -1.162932e-01 
2
2
6 1 6 9 0 -1
6 4 6 3 0 3
haar_y3
1.137804e-01 1 0
2
14 18 1 2 0 -1
14 18 1 1 0 2
tilted_haar_x2
5.431739e-03 -1 -2
5.252712e-01 3.720903e-02 -5.951749e-01 
2
2
4 18 2 1 0 -1
4 18 1 1 0 2
tilted_haar_x2
3.635182e-03 1 0
2
6 18 2 2 0 -1
6 18 2 1 0 2
tilted_haar_y2
5.686074e-03 -1 -2
-4.577135e-01 -7.827229e-02 3.361575e-01 
2
2
9 3 3 3 0 -1
10 4 1 1 0 9
haar_point
-1.986323e-02 1 0
3
14 0 4 4 0 -1
16 0 2 2 0 2
14 2 2 2 0 2
haar_x2_y2
-9.198685e-03 -1 -2
2.361190e-02 3.029242e-01 -8.549941e-02 
2
2
6 3 3 3 0 -1
7 4 1 1 0 9
haar_point
1.846065e-02 1 0
3
0 0 4 4 0 -1
0 0 2 2 0 2
2 2 2 2 0 2
haar_x2_y2
-7.633446e-03 -1 -2
-7.125611e-01 2.465799e-01 -8.814561e-02 
2
2
15 0 2 1 0 -1
15 0 1 1 0 2
haar_x2
-6.794423e-04 1 0
2
2 6 16 5 0 -1
2 6 8 5 0 2
haar_x2
8.763589e-02 -1 -2
6.717768e-02 -2.356951e-02 1.385709e-01 
2
2
1 0 2 1 0 -1
2 0 1 1 0 2
haar_x2
4.052757e-04 1 0
2
0 6 16 5 0 -1
8 6 8 5 0 2
haar_x2
1.901181e-01 -1 -2
-3.210808e-01 8.180185e-02 -4.717735e-01 
2
2
0 0 18 3 0 -1
0 0 9 3 0 2
haar_x2
1.157681e-01 0 1
2
8 13 6 3 0 -1
10 13 2 3 0 3
haar_x3
2.847617e-02 -1 -2
2.883466e-02 2.012159e-02 -6.108410e-01 
2
3
2 19 2 2 0 -1
2 19 1 1 0 2
3 20 1 1 0 2
haar_x2_y2
-3.499895e-03 0 1
2
3 18 6 2 0 -1
5 18 2 2 0 3
haar_x3
-2.713749e-03 -1 -2
3.767842e-01 9.889574e-02 -1.918100e-01 
2
2
12 17 1 3 0 -1
11 18 1 1 0 3
tilted_haar_x3
-9.395335e-03 0 1
2
8 14 4 3 0 -1
9 14 2 3 0 2
haar_x4
-1.103627e-02 -1 -2
-6.118146e-01 -6.781771e-01 2.388584e-02 
2
2
6 12 3 4 0 -1
7 13 1 4 0 3
tilted_haar_x3
-1.304683e-02 0 1
2
2 12 3 1 0 -1
3 13 1 1 0 3
tilted_haar_x3
-1.111425e-02 -1 -2
-4.651877e-01 -7.713378e-01 7.666834e-02 
2
2
0 0 18 3 0 -1
0 0 9 3 0 2
haar_x2
1.166454e-01 0 1
2
3 12 12 3 0 -1
7 13 4 1 0 9
haar_point
1.206962e-01 -1 -2
2.324254e-02 1.250812e-02 -9.526731e-01 
2
2
0 0 18 3 0 -1
9 0 9 3 0 2
haar_x2
-1.166454e-01 0 1
2
3 12 12 3 0 -1
7 13 4 1 0 9
haar_point
1.206962e-01 -1 -2
-6.873112e-01 1.948551e-02 -9.567665e-01 
2
2
6 9 6 3 0 -1
8 9 2 3 0 3
haar_x3
2.061018e-02 0 1
3
12 8 4 10 0 -1
14 8 2 5 0 2
12 13 2 5 0 2
haar_x2_y2
-4.053675e-02 -1 -2
-8.368216e-02 -2.798804e-01 1.026915e-04 
2
3
5 12 6 6 0 -1
5 12 3 3 0 2
8 15 3 3 0 2
haar_x2_y2
3.354170e-02 1 0
2
6 3 2 2 0 -1
6 4 2 1 0 2
haar_y2
-1.293019e-03 -1 -2
-7.818729e-01 -2.979519e-01 1.395931e-01 
2
2
15 1 3 6 0 -1
16 1 1 6 0 3
haar_x3
-2.993762e-03 0 1
3
16 1 2 10 0 -1
17 1 1 5 0 2
16 6 1 5 0 2
haar_x2_y2
-1.781230e-02 -1 -2
1.607947e-01 6.261342e-01 -4.430985e-02 
2
2
5 5 1 2 0 -1
5 5 1 1 0 2
tilted_haar_y2
1.735376e-03 1 0
2
4 1 8 3 0 -1
8 1 4 3 0 2
haar_x2
-5.476933e-05 -1 -2
-3.245249e-01 2.221119e-01 -1.134731e-01 
2
3
11 0 2 2 0 -1
12 0 1 1 0 2
11 1 1 1 0 2
haar_x2_y2
1.658731e-03 1 0
3
11 0 2 2 0 -1
12 0 1 1 0 2
11 1 1 1 0 2
haar_x2_y2
1.658731e-03 -1 -2
3.051303e-01 -7.420292e-02 3.051303e-01 
2
2
0 1 3 6 0 -1
1 1 1 6 0 3
haar_x3
-4.178103e-03 1 0
2
0 7 10 10 0 -1
5 7 5 10 0 2
haar_x2
5.773631e-02 -1 -2
-9.504674e-02 -1.817380e-01 3.893171e-01 
2
3
3 7 12 12 0 -1
9 7 6 6 0 2
3 13 6 6 0 2
haar_x2_y2
1.163718e-01 0 1
2
8 13 6 4 0 -1
10 13 2 4 0 3
haar_x3
1.662126e-03 -1 -2
3.432590e-02 -9.158944e-02 9.171822e-02 
2
3
2 6 14 6 0 -1
2 6 7 3 0 2
9 9 7 3 0 2
haar_x2_y2
-8.951023e-02 0 1
2
8 5 6 1 0 -1
10 7 2 1 0 3
tilted_haar_x3
-1.779867e-02 -1 -2
4.871924e-01 2.127208e-01 -1.431095e-01 
2
2
9 6 6 4 0 -1
11 8 2 4 0 3
tilted_haar_y3
3.594619e-02 0 1
2
8 6 4 9 0 -1
8 9 4 3 0 3
haar_y3
1.063668e-01 -1 -2
-6.098675e-02 1.552529e-02 -8.772374e-01 
2
2
5 18 2 1 0 -1
5 18 1 1 0 2
tilted_haar_x2
4.811002e-03 1 0
3
5 0 2 2 0 -1
5 0 1 1 0 2
6 1 1 1 0 2
haar_x2_y2
4.620587e-04 -1 -2
-5.521562e-01 -3.596260e-02 2.584696e-01 
2
3
11 0 2 2 0 -1
12 0 1 1 0 2
11 1 1 1 0 2
haar_x2_y2
-4.155661e-03 0 1
2
16 7 1 2 0 -1
16 8 1 1 0 2
haar_y2
-5.375033e-05 -1 -2
4.776666e-01 1.073577e-01 -1.064557e-01 
2
3
5 0 2 2 0 -1
5 0 1 1 0 2
6 1 1 1 0 2
haar_x2_y2
-4.268592e-03 0 1
2
1 7 1 2 0 -1
1 8 1 1 0 2
haar_y2
5.217557e-04 -1 -2
5.021651e-01 3.412205e-03 -3.375653e-01 
2
2
7 4 4 3 0 -1
7 5 4 1 0 3
haar_y3
-1.019515e-02 0 1
2
6 6 6 3 0 -1
8 7 2 1 0 9
haar_point
1.797972e-02 -1 -2
-5.920265e-01 -7.892452e-02 2.099703e-01 
2
2
8 11 1 2 0 -1
8 12 1 1 0 2
haar_y2
-6.401423e-04 0 1
2
4 9 9 2 0 -1
7 9 3 2 0 3
haar_x3
-1.033832e-02 -1 -2
2.198879e-01 1.738141e-01 -2.227833e-01 
2
2
14 15 1 3 0 -1
14 16 1 1 0 3
haar_y3
5.120695e-05 1 0
2
14 14 2 3 0 -1
14 15 2 1 0 3
haar_y3
2.334998e-05 -1 -2
7.972560e-02 -9.474916e-02 9.258566e-02 
2
2
3 15 1 3 0 -1
3 16 1 1 0 3
haar_y3
9.289557e-04 1 0
2
2 14 2 3 0 -1
2 15 2 1 0 3
haar_y3
1.341665e-03 -1 -2
-3.053486e-01 1.216503e-01 -2.669270e-01 
2
2
9 4 4 5 0 -1
9 4 2 5 0 2
tilted_haar_y2
6.116389e-02 0 1
2
13 8 4 5 0 -1
14 9 2 5 0 2
tilted_haar_y4
1.622534e-02 -1 -2
1.624189e-02 -5.771685e-02 1.690494e-01 
2
2
9 4 5 4 0 -1
9 4 5 2 0 2
tilted_haar_y2
-3.110214e-02 0 1
2
5 8 5 4 0 -1
4 9 5 2 0 2
tilted_haar_y4
2.416180e-02 -1 -2
2.268920e-01 -2.068510e-01 3.177068e-01 
2
2
9 13 6 3 0 -1
11 13 2 3 0 3
haar_x3
-2.578587e-02 1 0
2
6 10 10 3 0 -1
6 11 10 1 0 3
haar_y3
3.219889e-02 -1 -2
1.633178e-02 2.321596e-02 -6.460235e-01 
2
2
3 13 6 3 0 -1
5 13 2 3 0 3
haar_x3
3.222614e-02 1 0
3
3 6 12 14 0 -1
3 6 6 7 0 2
9 13 6 7 0 2
haar_x2_y2
7.216134e-02 -1 -2
-8.354836e-01 7.544134e-02 -3.782985e-01 
2
2
6 10 10 3 0 -1
6 11 10 1 0 3
haar_y3
3.219889e-02 1 0
2
12 8 5 9 0 -1
9 11 5 3 0 3
tilted_haar_x3
3.897928e-02 -1 -2
-6.476293e-01 -8.953875e-02 7.050570e-02 
2
2
6 8 9 5 0 -1
9 11 3 5 0 3
tilted_haar_x3
-4.030056e-02 1 0
2
4 6 9 9 0 -1
7 9 3 3 0 9
haar_point
-6.363332e-02 -1 -2
-3.737276e-02 -4.998872e-01 6.671064e-01 
2
2
10 4 8 5 0 -1
10 4 4 5 0 2
tilted_haar_y2
1.375482e-01 0 1
2
9 6 4 6 0 -1
9 6 4 3 0 2
tilted_haar_x2
-8.821961e-02 -1 -2
2.273374e-02 -5.163720e-01 1.957145e-02 
2
2
8 4 5 8 0 -1
8 4 5 4 0 2
tilted_haar_y2
-7.460647e-02 0 1
2
0 4 4 4 0 -1
0 5 4 2 0 2
haar_y4
1.274637e-02 -1 -2
-6.950255e-01 4.268876e-02 -6.448861e-01 
2
2
10 15 3 4 0 -1
10 15 3 2 0 2
tilted_haar_x2
1.118530e-02 0 1
2
15 5 3 1 0 -1
16 5 1 1 0 3
haar_x3
-4.033322e-03 -1 -2
-8.010291e-02 3.434695e-01 -7.188469e-02 
2
2
9 14 4 4 0 -1
9 14 2 4 0 2
tilted_haar_x2
2.189788e-03 0 1
2
0 5 3 1 0 -1
1 5 1 1 0 3
haar_x3
2.260840e-03 -1 -2
-1.443629e-01 5.431202e-02 5.029738e-01 
2
2
13 0 2 2 0 -1
13 0 1 2 0 2
tilted_haar_y2
1.153741e-02 0 1
2
15 1 3 3 0 -1
16 2 1 1 0 9
haar_point
2.191218e-02 -1 -2
2.838919e-02 -4.279241e-02 4.955713e-01 
2
2
5 0 2 2 0 -1
5 0 2 1 0 2
tilted_haar_y2
-8.663014e-03 0 1
2
0 1 3 3 0 -1
1 2 1 1 0 9
haar_point
2.027887e-02 -1 -2
-5.696236e-01 -4.142472e-02 4.266276e-01 
2
2
9 17 3 2 0 -1
9 17 3 1 0 2
tilted_haar_x2
-2.422765e-03 1 0
3
6 20 6 2 0 -1
9 20 3 1 0 2
6 21 3 1 0 2
haar_x2_y2
-5.724716e-03 -1 -2
-5.493780e-02 3.089431e-01 -5.035329e-02 
2
2
9 17 2 3 0 -1
9 17 1 3 0 2
tilted_haar_x2
1.108877e-02 1 0
2
9 6 6 4 0 -1
9 6 3 4 0 2
tilted_haar_x2
6.210430e-02 -1 -2
-6.346671e-01 8.689931e-02 -8.183412e-01 
2
2
9 9 2 6 0 -1
9 11 2 2 0 3
haar_y3
4.450367e-02 1 0
2
14 7 1 9 0 -1
11 10 1 3 0 3
tilted_haar_x3
6.692708e-02 -1 -2
-8.099949e-01 9.873932e-04 -7.861834e-01 
2
2
7 9 2 6 0 -1
7 11 2 2 0 3
haar_y3
8.589623e-03 1 0
2
4 7 9 1 0 -1
7 10 3 1 0 3
tilted_haar_x3
-1.014901e-02 -1 -2
1.972966e-01 2.384929e-01 -2.242059e-01 
-1.670822e+00

11
-1
