3
2
2
4 4 1 3 0 -1
3 5 1 1 0 3
tilted_haar_y3
-2.562155e-05 1 0
2
2 2 15 14 0 -1
2 9 15 7 0 2
haar_y2
3.725870e-02 -1 -2
-9.428635e-01 -7.082479e-01 8.435599e-01 
2
2
3 16 15 4 0 -1
3 17 15 2 0 2
haar_y4
-4.894055e-03 1 0
2
14 1 4 6 0 -1
14 1 4 3 0 2
tilted_haar_y2
-1.161285e-03 -1 -2
-9.084318e-01 7.635409e-01 -7.451942e-01 
2
2
6 14 3 1 0 -1
7 14 1 1 0 3
haar_x3
-6.218089e-05 1 0
2
9 0 6 1 0 -1
9 0 3 1 0 2
tilted_haar_x2
6.015548e-03 -1 -2
-8.020716e-01 -7.839997e-01 7.230108e-01 
-1.128284e+00

1
-1
