4
2
2
4 4 1 3 0 -1
3 5 1 1 0 3
tilted_haar_y3
-2.463035e-05 1 0
2
10 3 6 17 0 -1
13 3 3 17 0 2
haar_x2
-1.753586e-02 -1 -2
-9.240993e-01 -7.764949e-01 6.339700e-01 
2
2
7 10 4 4 0 -1
7 11 4 2 0 2
haar_y4
3.811354e-03 0 1
2
2 14 14 6 0 -1
2 17 14 3 0 2
haar_y2
-8.885517e-03 -1 -2
-6.417105e-01 6.725915e-01 -8.463069e-01 
2
2
13 12 2 2 0 -1
13 12 1 2 0 2
tilted_haar_x2
-2.301329e-05 1 0
2
4 5 12 1 0 -1
8 5 4 1 0 3
haar_x3
5.698571e-03 -1 -2
-8.199134e-01 -6.245568e-01 5.772887e-01 
2
2
0 1 3 19 0 -1
1 1 1 19 0 3
haar_x3
-4.795264e-02 0 1
2
0 7 2 8 0 -1
1 7 1 8 0 2
haar_x2
2.342666e-02 -1 -2
7.390081e-01 -6.117788e-01 8.124793e-01 
-1.644029e+00

6
-1
