7
2
3
0 0 2 8 0 -1
0 0 1 4 0 2
1 4 1 4 0 2
haar_x2_y2
-2.350107e-02 1 0
2
1 0 8 1 0 -1
5 0 4 1 0 2
haar_x2
-1.272217e-02 -1 -2
-4.694075e-01 8.560238e-01 -7.991824e-01 
2
2
13 10 4 8 0 -1
13 12 4 4 0 2
haar_y4
-3.154357e-05 1 0
2
1 9 16 2 0 -1
5 9 8 2 0 2
haar_x4
1.232476e-02 -1 -2
-6.749719e-01 -4.840053e-01 5.627558e-01 
2
2
12 0 6 2 0 -1
15 0 3 2 0 2
haar_x2
1.969849e-02 0 1
2
0 1 12 1 0 -1
3 1 6 1 0 2
haar_x4
-2.564244e-03 -1 -2
-5.023758e-01 6.267076e-01 -8.601864e-01 
2
2
4 14 3 3 0 -1
3 15 3 1 0 3
tilted_haar_y3
-1.618695e-02 0 1
2
15 4 3 1 0 -1
16 4 1 1 0 3
haar_x3
8.578073e-03 -1 -2
5.790182e-01 -4.698221e-01 7.997415e-01 
2
2
13 17 2 1 0 -1
13 17 1 1 0 2
tilted_haar_x2
3.323696e-05 0 1
2
1 0 3 8 0 -1
1 2 3 4 0 2
haar_y4
-8.516335e-05 -1 -2
-8.253733e-01 4.015090e-01 -7.154614e-01 
2
2
16 13 2 4 0 -1
17 13 1 4 0 2
haar_x2
7.923316e-03 1 0
2
0 17 2 3 0 -1
1 17 1 3 0 2
haar_x2
1.000278e-02 -1 -2
4.871368e-01 -5.409092e-01 4.305420e-01 
2
2
5 7 10 4 0 -1
5 9 10 2 0 2
haar_y2
1.174168e-02 0 1
2
1 1 1 10 0 -1
1 6 1 5 0 2
haar_y2
-3.213796e-05 -1 -2
-8.337085e-01 3.337751e-01 -8.937933e-01 
-1.829035e+00

7
-1
