3
4
2
7 10 4 4 0 -1
7 11 4 2 0 2
haar_y4
4.269018e-03 3 1
2
7 8 1 4 0 -1
7 10 1 2 0 2
haar_y2
1.927597e-03 2 0
3
7 9 6 2 0 -1
7 9 3 1 0 2
10 10 3 1 0 2
haar_x2_y2
3.458556e-03 -1 -2
2
13 1 3 3 0 -1
13 2 3 1 0 3
haar_y3
-1.358779e-02 -3 -4
-8.718269e-01 7.867390e-01 -8.503634e-01 4.353288e-01 -7.242541e-01 
4
2
7 15 5 3 0 -1
7 16 5 1 0 3
haar_y3
3.773759e-03 0 1
2
3 5 11 6 0 -1
3 8 11 3 0 2
haar_y2
2.554028e-02 -1 2
2
8 6 3 2 0 -1
8 7 3 1 0 2
haar_y2
2.479045e-03 3 -2
2
6 9 3 4 0 -1
6 9 3 2 0 2
tilted_haar_y2
7.722152e-03 -3 -4
-6.070265e-01 -7.895817e-01 -6.648771e-01 8.433231e-01 -6.738126e-01 
4
2
5 17 8 3 0 -1
5 18 8 1 0 3
haar_y3
-1.079764e-02 1 2
2
14 8 4 4 0 -1
14 8 2 4 0 2
tilted_haar_x2
5.973800e-03 3 0
2
0 8 3 12 0 -1
1 8 1 12 0 3
haar_x3
-2.593925e-02 -1 -2
2
2 16 1 4 0 -1
2 18 1 2 0 2
haar_y2
1.159440e-03 -3 -4
-8.717719e-01 3.311986e-01 -7.527531e-01 7.674159e-01 -6.648953e-01 
-1.000082e+00

5
-1
