11
2
2
2 1 15 7 0 -1
7 1 5 7 0 3
haar_x3
7.781248e-02 1 0
2
7 2 4 9 0 -1
9 2 2 9 0 2
haar_x2
4.062611e-02 -1 -2
8.793400e-01 -9.235104e-01 3.170152e-01 
2
2
9 3 2 7 0 -1
9 3 1 7 0 2
haar_x2
-2.701527e-04 0 1
2
15 8 3 6 0 -1
15 8 3 3 0 2
tilted_haar_x2
4.558676e-03 -1 -2
4.052954e-01 -9.589821e-01 3.448952e-01 
2
2
8 3 2 5 0 -1
9 3 1 5 0 2
haar_x2
4.272079e-03 0 1
2
3 9 4 2 0 -1
5 9 2 2 0 2
haar_x2
-2.835475e-05 -1 -2
-9.805477e-01 7.074878e-01 -9.853244e-01 
2
2
5 1 9 10 0 -1
8 1 3 10 0 3
haar_x3
8.739558e-02 1 0
2
8 7 4 2 0 -1
9 7 2 2 0 2
haar_x4
1.408967e-03 -1 -2
6.137255e-01 -9.559380e-01 3.923664e-01 
2
2
5 1 4 2 0 -1
6 2 2 2 0 2
tilted_haar_x4
-1.016758e-02 1 0
2
1 7 14 8 0 -1
8 7 7 8 0 2
haar_x2
-2.544338e-02 -1 -2
-9.761627e-01 7.962394e-01 -4.436424e-01 
2
2
10 1 2 3 0 -1
10 1 1 3 0 2
haar_x2
2.643567e-05 0 1
2
13 6 2 2 0 -1
13 6 1 2 0 2
tilted_haar_y2
2.694514e-05 -1 -2
-8.483943e-01 -7.312263e-01 3.602178e-01 
2
2
6 6 2 2 0 -1
6 6 2 1 0 2
tilted_haar_y2
-4.899604e-05 1 0
2
8 4 1 6 0 -1
8 6 1 2 0 3
haar_y3
9.522964e-03 -1 -2
-9.923592e-01 8.505343e-01 -9.628139e-01 
2
2
10 1 2 3 0 -1
10 1 1 3 0 2
haar_x2
5.354963e-04 0 1
2
5 1 9 6 0 -1
5 3 9 2 0 3
haar_y3
-1.537140e-03 -1 -2
-7.059580e-01 4.357770e-01 -9.700766e-01 
2
2
7 1 2 3 0 -1
8 1 1 3 0 2
haar_x2
2.988091e-04 0 1
2
3 9 6 2 0 -1
3 9 3 2 0 2
tilted_haar_x2
6.913425e-03 -1 -2
-9.156147e-01 -9.152333e-01 7.767942e-01 
2
2
9 9 2 1 0 -1
9 9 1 1 0 2
haar_x2
-8.410321e-04 0 1
2
12 6 4 2 0 -1
12 7 4 1 0 2
haar_y2
1.942079e-04 -1 -2
5.942864e-01 -9.397035e-01 3.175330e-01 
2
2
8 9 2 1 0 -1
9 9 1 1 0 2
haar_x2
2.793524e-04 0 1
2
8 6 1 2 0 -1
8 6 1 1 0 2
tilted_haar_y2
-4.569663e-05 -1 -2
-9.731644e-01 3.630450e-01 -9.920033e-01 
-1.347344e+00

3
-1
