8
2
3
4 6 2 2 0 -1
4 6 1 1 0 2
5 7 1 1 0 2
haar_x2_y2
-1.525346e-03 1 0
3
4 2 2 8 0 -1
4 2 1 4 0 2
5 6 1 4 0 2
haar_x2_y2
-6.976952e-03 -1 -2
-3.811045e-01 -7.314495e-01 6.423321e-01 
2
2
9 2 2 2 0 -1
9 3 2 1 0 2
haar_y2
-6.620149e-05 1 0
2
14 15 3 4 0 -1
14 16 3 2 0 2
haar_y4
-4.456269e-03 -1 -2
-3.221467e-01 -7.915266e-01 1.187439e-01 
2
2
0 10 3 10 0 -1
1 10 1 10 0 3
haar_x3
-2.770389e-02 0 1
2
0 9 2 6 0 -1
1 9 1 6 0 2
haar_x2
1.218636e-02 -1 -2
6.350229e-01 -5.509519e-01 4.983669e-01 
2
2
4 5 10 4 0 -1
4 7 10 2 0 2
haar_y2
1.117173e-02 0 1
2
7 17 4 2 0 -1
8 17 2 2 0 2
haar_x4
-3.831379e-03 -1 -2
-7.086982e-01 -9.417959e-01 1.152973e-01 
2
2
1 6 2 1 0 -1
2 6 1 1 0 2
haar_x2
-4.441162e-05 1 0
2
1 16 3 3 0 -1
1 17 3 1 0 3
haar_y3
3.472195e-03 -1 -2
-6.378184e-01 4.719671e-01 -8.849745e-01 
2
2
5 12 9 3 0 -1
5 13 9 1 0 3
haar_y3
-6.667520e-03 1 0
2
3 10 12 9 0 -1
3 13 12 3 0 3
haar_y3
-5.380067e-02 -1 -2
-4.091235e-01 -8.091357e-01 1.020448e-01 
2
2
5 4 6 7 0 -1
7 4 2 7 0 3
haar_x3
-7.271075e-02 0 1
2
9 7 6 1 0 -1
11 9 2 1 0 3
tilted_haar_x3
-1.709981e-02 -1 -2
8.024586e-01 4.654832e-01 -6.429529e-01 
2
2
5 17 8 3 0 -1
5 18 8 1 0 3
haar_y3
-1.501905e-02 1 0
2
7 6 4 3 0 -1
7 7 4 1 0 3
haar_y3
2.119435e-03 -1 -2
-3.646275e-01 2.311040e-01 -7.319182e-01 
-1.957647e+00

15
-1
