3
2
3
12 6 2 2 0 -1
12 6 1 1 0 2
13 7 1 1 0 2
haar_x2_y2
5.369826e-05 0 1
2
2 2 15 12 0 -1
2 8 15 6 0 2
haar_y2
6.042381e-02 -1 -2
-8.534589e-01 -8.266338e-01 6.906275e-01 
2
2
1 6 3 2 0 -1
2 6 1 2 0 3
haar_x3
-2.714968e-05 1 0
2
5 10 4 2 0 -1
5 10 4 1 0 2
tilted_haar_y2
-2.370299e-05 -1 -2
-8.576606e-01 6.424454e-01 -7.788711e-01 
2
2
4 1 6 7 0 -1
7 1 3 7 0 2
haar_x2
1.805853e-02 0 1
2
6 16 7 4 0 -1
6 17 7 2 0 2
haar_y4
-6.834290e-03 -1 -2
-8.600815e-01 6.405705e-01 -6.326377e-01 
-1.071095e+00

2
-1
