7
2
2
6 15 6 3 0 -1
6 16 6 1 0 3
haar_y3
3.269999e-03 0 1
2
9 0 6 1 0 -1
9 0 3 1 0 2
tilted_haar_x2
5.719875e-03 -1 -2
-6.570085e-01 -8.512086e-01 6.078430e-01 
2
2
9 11 2 1 0 -1
9 11 1 1 0 2
haar_x2
2.441174e-03 0 1
2
1 2 16 14 0 -1
1 9 16 7 0 2
haar_y2
7.521027e-02 -1 -2
-3.441840e-01 -8.800935e-01 2.312217e-01 
2
2
4 4 1 3 0 -1
3 5 1 1 0 3
tilted_haar_y3
-2.562155e-05 1 0
2
9 4 8 8 0 -1
7 6 8 4 0 2
tilted_haar_y4
7.958226e-03 -1 -2
-8.910440e-01 6.459271e-01 -5.840344e-01 
2
2
15 1 3 19 0 -1
16 1 1 19 0 3
haar_x3
-1.058840e-02 0 1
2
16 7 2 12 0 -1
16 7 1 12 0 2
haar_x2
9.557390e-03 -1 -2
2.186958e-01 -2.272827e-01 3.115933e-01 
2
2
7 4 4 14 0 -1
9 4 2 14 0 2
haar_x2
1.002294e-01 1 0
2
5 7 12 1 0 -1
5 7 6 1 0 2
tilted_haar_x2
5.190755e-02 -1 -2
8.833209e-01 -8.072127e-01 5.756459e-01 
2
2
9 0 2 9 0 -1
6 3 2 3 0 3
tilted_haar_x3
-1.415176e-03 1 0
2
12 0 6 6 0 -1
14 2 2 6 0 3
tilted_haar_y3
-9.109446e-03 -1 -2
-9.561595e-01 2.187813e-01 -8.184503e-01 
2
3
2 5 2 2 0 -1
2 5 1 1 0 2
3 6 1 1 0 2
haar_x2_y2
2.175461e-05 0 1
2
1 5 15 3 0 -1
6 5 5 3 0 3
haar_x3
2.341324e-03 -1 -2
-8.188546e-01 -9.468285e-01 5.966920e-01 
-1.652822e+00

5
-1
