5
2
2
2 7 14 2 0 -1
2 8 14 1 0 2
haar_y2
4.377360e-03 0 1
2
6 0 7 6 0 -1
4 2 7 2 0 3
tilted_haar_y3
-2.183664e-02 -1 -2
-9.286905e-01 5.511760e-01 -7.334318e-01 
2
3
2 5 2 2 0 -1
2 5 1 1 0 2
3 6 1 1 0 2
haar_x2_y2
2.176580e-05 0 1
2
4 4 1 3 0 -1
3 5 1 1 0 3
tilted_haar_y3
-1.228534e-04 -1 -2
-6.980856e-01 5.514446e-01 -8.810456e-01 
2
2
7 10 4 4 0 -1
7 11 4 2 0 2
haar_y4
4.970378e-03 0 1
2
16 8 1 6 0 -1
16 8 1 3 0 2
tilted_haar_y2
2.692350e-05 -1 -2
-5.659584e-01 -8.523953e-01 6.334090e-01 
2
2
7 15 5 3 0 -1
7 16 5 1 0 3
haar_y3
1.310946e-03 0 1
2
9 1 6 7 0 -1
12 1 3 7 0 2
haar_x2
-4.388377e-03 -1 -2
-7.530779e-01 4.911922e-01 -9.338840e-01 
2
2
4 0 14 3 0 -1
4 0 7 3 0 2
tilted_haar_x2
-2.139377e-01 0 1
2
8 5 6 15 0 -1
10 5 2 15 0 3
haar_x3
-8.459750e-02 -1 -2
7.932870e-01 4.928143e-01 -9.069168e-01 
-1.389379e+00

7
-1
