63
2
2
0 0 10 2 0 -1
5 0 5 2 0 2
haar_x2
-1.120189e-02 1 0
3
0 12 8 10 0 -1
0 12 4 5 0 2
4 17 4 5 0 2
haar_x2_y2
-3.715893e-02 -1 -2
-4.184369e-01 5.587442e-01 -1.426852e-01 
2
2
17 3 1 15 0 -1
17 8 1 5 0 3
haar_y3
-1.539551e-02 0 1
2
0 0 18 9 0 -1
6 3 6 3 0 9
haar_point
4.564387e-01 -1 -2
2.408308e-01 -4.716336e-02 4.811515e-01 
2
2
0 3 1 15 0 -1
0 8 1 5 0 3
haar_y3
-2.357242e-02 1 0
2
1 7 1 2 0 -1
1 8 1 1 0 2
haar_y2
-9.849692e-04 -1 -2
-2.321286e-01 -3.969802e-01 4.192001e-01 
2
2
14 6 3 12 0 -1
10 10 3 4 0 3
tilted_haar_x3
3.291611e-02 0 1
2
8 12 2 6 0 -1
8 15 2 3 0 2
haar_y2
-2.802309e-03 -1 -2
-2.860598e-01 9.400520e-02 -2.695294e-01 
2
2
4 0 1 3 0 -1
4 1 1 1 0 3
haar_y3
-3.863173e-03 0 1
3
0 7 2 10 0 -1
0 7 1 5 0 2
1 12 1 5 0 2
haar_x2_y2
8.525928e-03 -1 -2
4.119952e-01 -1.570332e-01 3.676805e-01 
2
2
5 15 12 5 0 -1
9 15 4 5 0 3
haar_x3
1.440806e-01 1 0
2
5 13 8 8 0 -1
5 15 8 4 0 2
haar_y4
-4.934891e-02 -1 -2
-7.722489e-01 -6.597803e-01 4.252897e-02 
2
2
3 15 4 3 0 -1
2 16 4 1 0 3
tilted_haar_y3
-1.517342e-02 0 1
2
3 14 12 4 0 -1
7 14 4 4 0 3
haar_x3
2.583624e-02 -1 -2
2.838003e-01 -2.972851e-01 8.555701e-02 
2
2
9 4 2 1 0 -1
9 4 1 1 0 2
haar_x2
3.947934e-03 0 1
2
8 2 3 3 0 -1
9 2 1 3 0 3
haar_x3
-6.554835e-03 -1 -2
1.153782e-02 -5.807480e-01 3.143794e-02 
2
2
7 4 2 1 0 -1
8 4 1 1 0 2
haar_x2
-1.322596e-03 0 1
2
7 2 3 3 0 -1
8 2 1 3 0 3
haar_x3
7.053659e-03 -1 -2
-5.303129e-01 8.388710e-02 -6.123775e-01 
2
2
6 3 12 3 0 -1
10 3 4 3 0 3
haar_x3
6.081562e-02 1 0
2
12 1 2 12 0 -1
9 4 2 6 0 2
tilted_haar_x4
1.490567e-01 -1 -2
2.574902e-01 -1.270540e-02 9.062785e-01 
2
2
0 3 12 3 0 -1
4 3 4 3 0 3
haar_x3
7.708145e-02 1 0
2
5 2 2 3 0 -1
4 3 2 1 0 3
tilted_haar_y3
7.421883e-03 -1 -2
5.612103e-01 -2.717534e-02 -6.253831e-01 
2
2
6 6 6 3 0 -1
8 7 2 1 0 9
haar_point
2.277759e-02 1 0
2
6 8 6 1 0 -1
8 8 2 1 0 3
haar_x3
-4.724118e-03 -1 -2
3.065232e-01 1.822469e-01 -8.003274e-02 
2
3
1 0 10 2 0 -1
1 0 5 1 0 2
6 1 5 1 0 2
haar_x2_y2
-1.034904e-02 0 1
2
0 5 1 2 0 -1
0 6 1 1 0 2
haar_y2
-9.169178e-04 -1 -2
2.379712e-01 -5.049739e-01 -8.366664e-02 
2
2
12 1 3 1 0 -1
13 2 1 1 0 3
tilted_haar_y3
1.052975e-02 1 0
2
6 12 6 4 0 -1
8 12 2 4 0 3
haar_x3
3.250522e-02 -1 -2
-7.156292e-01 3.660055e-02 -6.884989e-01 
2
2
6 1 1 3 0 -1
5 2 1 1 0 3
tilted_haar_y3
6.700880e-03 1 0
2
5 3 1 2 0 -1
5 3 1 1 0 2
tilted_haar_y2
-1.267616e-03 -1 -2
-6.338180e-01 -2.314492e-01 1.428645e-01 
2
2
14 14 3 5 0 -1
15 15 1 5 0 3
tilted_haar_y3
-2.181881e-02 0 1
2
13 19 3 3 0 -1
14 20 1 1 0 9
haar_point
-1.215995e-02 -1 -2
-3.105110e-01 3.450909e-01 -8.114956e-02 
2
2
4 0 3 4 0 -1
5 1 1 4 0 3
tilted_haar_x3
2.547046e-02 1 0
2
0 0 18 3 0 -1
9 0 9 3 0 2
haar_x2
-5.405617e-02 -1 -2
4.902803e-01 -4.861937e-01 4.300360e-02 
2
3
16 2 2 6 0 -1
17 2 1 3 0 2
16 5 1 3 0 2
haar_x2_y2
5.271853e-03 1 0
2
13 0 4 3 0 -1
12 1 4 1 0 3
tilted_haar_x3
1.802311e-02 -1 -2
4.544534e-01 -7.539739e-02 4.494155e-01 
2
3
0 2 2 6 0 -1
0 2 1 3 0 2
1 5 1 3 0 2
haar_x2_y2
5.723634e-03 1 0
2
3 2 3 2 0 -1
4 3 1 2 0 3
tilted_haar_x3
-2.067402e-02 -1 -2
2.120224e-01 2.545239e-01 -2.709271e-01 
2
2
13 5 4 8 0 -1
13 5 4 4 0 2
tilted_haar_x2
-1.302041e-01 0 1
2
10 5 3 3 0 -1
9 6 3 1 0 3
tilted_haar_x3
-3.858436e-02 -1 -2
-5.897179e-01 -8.063086e-01 6.917920e-03 
2
2
5 5 8 4 0 -1
5 5 4 4 0 2
tilted_haar_x2
-9.209114e-02 0 1
2
8 5 3 3 0 -1
9 6 1 3 0 3
tilted_haar_x3
-6.821974e-03 -1 -2
2.250913e-01 2.031935e-01 -2.998616e-01 
2
2
10 3 3 4 0 -1
9 4 3 2 0 2
tilted_haar_x4
-4.376085e-03 1 0
2
7 2 4 1 0 -1
8 2 2 1 0 2
haar_x4
-1.480586e-03 -1 -2
-4.478169e-02 -3.175684e-01 6.482539e-02 
2
2
8 3 4 3 0 -1
9 4 2 3 0 2
tilted_haar_x4
1.866127e-02 1 0
2
1 9 1 3 0 -1
1 10 1 1 0 3
haar_y3
-1.347637e-03 -1 -2
4.107184e-01 -4.443489e-01 1.255676e-02 
2
2
15 16 3 3 0 -1
16 17 1 3 0 3
tilted_haar_y3
-2.094490e-02 1 0
2
13 19 3 3 0 -1
14 20 1 1 0 9
haar_point
1.013260e-02 -1 -2
-3.617659e-02 -7.273561e-02 3.537535e-01 
2
2
3 16 3 3 0 -1
2 17 3 1 0 3
tilted_haar_y3
1.931195e-02 1 0
2
3 10 1 10 0 -1
3 15 1 5 0 2
haar_y2
-5.353667e-05 -1 -2
3.996834e-01 1.009882e-01 -2.521509e-01 
2
2
15 6 1 4 0 -1
15 8 1 2 0 2
haar_y2
-3.431117e-03 1 0
2
16 9 1 2 0 -1
16 10 1 1 0 2
haar_y2
-5.238002e-05 -1 -2
-5.686252e-02 7.400500e-02 -6.849989e-02 
2
2
2 6 1 4 0 -1
2 8 1 2 0 2
haar_y2
6.106804e-04 1 0
2
1 9 1 2 0 -1
1 10 1 1 0 2
haar_y2
9.563161e-04 -1 -2
-1.794514e-01 2.584849e-01 -3.542964e-01 
2
2
13 19 3 3 0 -1
14 20 1 1 0 9
haar_point
2.552521e-02 0 1
2
9 10 1 6 0 -1
9 13 1 3 0 2
haar_y2
-7.484558e-04 -1 -2
-3.222472e-02 1.276150e-01 -1.860217e-01 
2
2
2 19 3 3 0 -1
3 20 1 1 0 9
haar_point
-1.351873e-02 0 1
2
8 4 6 6 0 -1
6 6 6 2 0 3
tilted_haar_y3
4.924293e-02 -1 -2
3.728966e-01 -1.549706e-01 1.967779e-01 
2
2
6 9 8 3 0 -1
8 9 4 3 0 2
haar_x4
-1.408887e-02 0 1
2
9 10 1 6 0 -1
9 13 1 3 0 2
haar_y2
-1.706565e-03 -1 -2
2.484017e-01 1.156072e-01 -1.256981e-01 
2
2
4 9 8 3 0 -1
6 9 4 3 0 2
haar_x4
-1.259419e-02 0 1
2
3 8 6 3 0 -1
5 8 2 3 0 3
haar_x3
-1.571595e-02 -1 -2
2.650263e-01 1.882139e-01 -2.609619e-01 
2
2
1 1 16 1 0 -1
5 1 8 1 0 2
haar_x4
-4.819264e-02 0 1
2
12 2 2 14 0 -1
12 9 2 7 0 2
haar_y2
1.301753e-02 -1 -2
5.285259e-01 -5.714200e-02 6.577662e-02 
2
2
3 3 4 12 0 -1
3 9 4 6 0 2
haar_y2
6.126585e-02 0 1
2
7 17 3 1 0 -1
8 18 1 1 0 3
tilted_haar_x3
-3.580101e-03 -1 -2
-1.561412e-01 -6.091236e-01 2.921460e-01 
2
2
4 6 10 12 0 -1
4 9 10 6 0 2
haar_y4
1.608253e-01 1 0
2
8 15 2 4 0 -1
8 17 2 2 0 2
haar_y2
-2.126096e-03 -1 -2
-6.706221e-01 1.184923e-01 -1.686477e-01 
2
2
9 13 6 3 0 -1
9 13 3 3 0 2
tilted_haar_x2
5.732930e-02 1 0
2
0 14 4 6 0 -1
1 14 2 6 0 2
haar_x4
-3.534450e-03 -1 -2
-6.403304e-01 2.340246e-01 -7.179177e-02 
2
2
6 0 6 8 0 -1
6 2 6 4 0 2
haar_y4
7.874428e-02 0 1
2
9 6 5 8 0 -1
9 6 5 4 0 2
tilted_haar_x2
-4.714401e-02 -1 -2
-4.692544e-02 -3.586090e-01 1.400570e-02 
2
2
9 14 3 1 0 -1
10 15 1 1 0 3
tilted_haar_x3
7.810527e-03 1 0
2
8 6 6 3 0 -1
8 6 3 3 0 2
tilted_haar_x2
4.858956e-02 -1 -2
-6.072081e-01 1.044649e-01 -8.951457e-01 
2
2
4 9 10 12 0 -1
4 9 5 12 0 2
haar_x2
5.562197e-02 0 1
2
14 6 4 1 0 -1
15 7 2 1 0 2
tilted_haar_y4
2.597251e-03 -1 -2
-7.857251e-02 -5.885249e-02 7.810057e-02 
2
2
5 14 3 5 0 -1
6 14 1 5 0 3
haar_x3
-8.704884e-03 0 1
2
0 0 14 3 0 -1
0 1 14 1 0 3
haar_y3
-8.709131e-03 -1 -2
-4.825972e-01 2.782080e-01 -2.968932e-02 
2
2
5 0 8 3 0 -1
5 1 8 1 0 3
haar_y3
9.997712e-03 1 0
2
10 1 3 1 0 -1
11 2 1 1 0 3
tilted_haar_y3
1.330268e-02 -1 -2
3.965359e-01 7.946214e-03 -7.639788e-01 
2
3
3 20 2 2 0 -1
3 20 1 1 0 2
4 21 1 1 0 2
haar_x2_y2
4.754771e-03 1 0
2
7 17 2 3 0 -1
6 18 2 1 0 3
tilted_haar_y3
-1.920922e-02 -1 -2
5.081808e-01 4.010016e-01 -1.378323e-01 
2
2
10 18 3 1 0 -1
11 18 1 1 0 3
haar_x3
4.910031e-03 1 0
2
1 10 16 6 0 -1
1 13 16 3 0 2
haar_y2
-1.111766e-01 -1 -2
-7.655391e-01 -8.148854e-01 3.121870e-02 
2
2
5 18 3 1 0 -1
6 18 1 1 0 3
haar_x3
3.103671e-03 1 0
2
7 8 3 6 0 -1
8 10 1 2 0 9
haar_point
1.904589e-02 -1 -2
-5.765556e-01 -5.936781e-02 2.449353e-01 
2
2
12 4 3 1 0 -1
13 5 1 1 0 3
tilted_haar_y3
-1.194041e-02 0 1
2
8 8 4 4 0 -1
9 8 2 4 0 2
haar_x4
6.069903e-03 -1 -2
-5.950723e-01 -5.231619e-02 1.358608e-01 
2
2
0 8 12 3 0 -1
0 9 12 1 0 3
haar_y3
2.249308e-02 1 0
2
2 8 9 3 0 -1
5 9 3 1 0 9
haar_point
2.970367e-02 -1 -2
-7.253678e-01 -4.580243e-02 2.871511e-01 
2
2
10 10 2 10 0 -1
10 15 2 5 0 2
haar_y2
8.832463e-03 0 1
2
14 12 3 2 0 -1
14 12 3 1 0 2
tilted_haar_x2
-2.352460e-02 -1 -2
2.162570e-02 -6.097655e-01 2.966468e-03 
2
2
6 10 2 10 0 -1
6 15 2 5 0 2
haar_y2
-4.293492e-02 0 1
2
4 13 4 4 0 -1
4 15 4 2 0 2
haar_y2
-8.102788e-03 -1 -2
-6.656523e-01 2.162024e-01 -9.822688e-02 
2
2
12 4 3 1 0 -1
13 5 1 1 0 3
tilted_haar_y3
1.383598e-02 0 1
2
3 15 12 4 0 -1
3 16 12 2 0 2
haar_y4
-3.242227e-02 -1 -2
6.230864e-03 -9.244679e-01 1.936774e-02 
2
2
6 4 1 3 0 -1
5 5 1 1 0 3
tilted_haar_y3
-1.396685e-03 0 1
3
0 2 2 2 0 -1
0 2 1 1 0 2
1 3 1 1 0 2
haar_x2_y2
-5.677726e-03 -1 -2
-2.593385e-01 6.975120e-01 4.136837e-02 
2
2
15 10 2 3 0 -1
15 11 2 1 0 3
haar_y3
1.007483e-02 0 1
2
3 15 12 4 0 -1
3 16 12 2 0 2
haar_y4
-3.242227e-02 -1 -2
1.613535e-02 -9.150269e-01 2.748779e-02 
2
2
1 10 2 3 0 -1
1 11 2 1 0 3
haar_y3
-1.690883e-03 1 0
2
2 1 12 21 0 -1
6 8 4 7 0 9
haar_point
5.515122e-01 -1 -2
6.096869e-02 -4.828672e-01 2.450335e-01 
2
2
16 6 1 12 0 -1
12 10 1 4 0 3
tilted_haar_x3
5.842832e-02 0 1
2
9 10 3 3 0 -1
10 11 1 3 0 3
tilted_haar_y3
3.385029e-02 -1 -2
2.376401e-02 4.272035e-03 -6.531289e-01 
2
2
2 6 12 1 0 -1
6 10 4 1 0 3
tilted_haar_x3
-9.463308e-03 0 1
2
9 10 3 3 0 -1
8 11 3 1 0 3
tilted_haar_y3
8.216202e-03 -1 -2
2.934011e-01 -1.974669e-01 2.042062e-01 
2
2
9 17 1 2 0 -1
9 18 1 1 0 2
haar_y2
-3.722541e-04 0 1
2
9 17 1 2 0 -1
9 18 1 1 0 2
haar_y2
-3.722541e-04 -1 -2
1.282628e-01 1.282628e-01 -1.025983e-01 
2
3
5 0 4 2 0 -1
5 0 2 1 0 2
7 1 2 1 0 2
haar_x2_y2
6.174579e-03 1 0
3
1 7 16 12 0 -1
1 7 8 6 0 2
9 13 8 6 0 2
haar_x2_y2
5.656086e-02 -1 -2
3.396565e-01 1.010745e-02 -3.937810e-01 
2
2
11 10 3 6 0 -1
11 13 3 3 0 2
haar_y2
-4.397677e-03 0 1
2
9 4 4 7 0 -1
10 5 2 7 0 2
tilted_haar_y4
8.059096e-02 -1 -2
6.746324e-02 1.771772e-03 -9.372504e-01 
2
2
1 9 16 6 0 -1
9 9 8 6 0 2
haar_x2
-3.778595e-02 0 1
2
7 1 1 6 0 -1
7 1 1 3 0 2
tilted_haar_y2
-8.084690e-03 -1 -2
2.800533e-01 -5.229571e-01 -3.140189e-02 
2
2
8 2 3 3 0 -1
9 3 1 1 0 9
haar_point
-6.894151e-03 0 1
3
11 20 2 2 0 -1
12 20 1 1 0 2
11 21 1 1 0 2
haar_x2_y2
8.275971e-03 -1 -2
-2.432992e-01 -1.617083e-02 8.563638e-01 
2
3
5 20 2 2 0 -1
5 20 1 1 0 2
6 21 1 1 0 2
haar_x2_y2
3.834098e-03 1 0
2
5 17 2 3 0 -1
5 18 2 1 0 3
haar_y3
-1.681368e-03 -1 -2
5.903668e-01 -2.932557e-01 8.276819e-02 
2
2
9 8 2 8 0 -1
7 10 2 4 0 2
tilted_haar_x4
-4.648372e-02 0 1
2
6 8 8 4 0 -1
8 8 4 4 0 2
haar_x4
-1.246658e-02 -1 -2
-5.499874e-01 1.309724e-01 -3.451300e-02 
2
2
9 5 6 4 0 -1
8 6 6 2 0 2
tilted_haar_y4
1.059230e-02 1 0
2
6 9 4 6 0 -1
6 11 4 2 0 3
haar_y3
1.170365e-02 -1 -2
2.140784e-01 -3.618045e-01 6.653752e-02 
2
2
8 8 4 5 0 -1
9 8 2 5 0 2
haar_x4
3.723332e-02 0 1
2
9 7 3 6 0 -1
10 8 1 6 0 3
tilted_haar_y3
-4.710647e-03 -1 -2
5.437177e-03 9.729250e-02 -6.091707e-02 
2
2
6 8 4 5 0 -1
7 8 2 5 0 2
haar_x4
-8.003199e-04 0 1
2
9 7 6 3 0 -1
8 8 6 1 0 3
tilted_haar_y3
1.305643e-02 -1 -2
1.775936e-01 -3.403432e-01 1.370342e-01 
-1.788679e+00

10
-1
