6
2
2
0 0 3 20 0 -1
1 0 1 20 0 3
haar_x3
-6.021248e-02 0 1
2
7 3 6 7 0 -1
9 5 2 7 0 3
tilted_haar_x3
8.866377e-02 -1 -2
7.919418e-01 -7.172521e-01 4.385930e-01 
2
2
13 6 1 4 0 -1
13 7 1 2 0 2
haar_y4
2.532617e-05 0 1
3
16 6 2 6 0 -1
16 6 1 3 0 2
17 9 1 3 0 2
haar_x2_y2
-2.223069e-05 -1 -2
-7.149166e-01 5.382408e-01 -7.039910e-01 
2
2
5 4 6 11 0 -1
7 4 2 11 0 3
haar_x3
-9.256883e-02 0 1
2
1 9 12 10 0 -1
7 9 6 10 0 2
haar_x2
-2.266615e-01 -1 -2
6.752115e-01 6.562716e-01 -7.135956e-01 
2
2
3 0 13 3 0 -1
3 1 13 1 0 3
haar_y3
4.206443e-02 1 0
2
11 0 6 2 0 -1
11 1 6 1 0 2
haar_y2
-1.804616e-02 -1 -2
7.463586e-01 5.878773e-01 -5.891983e-01 
2
2
12 6 3 1 0 -1
13 6 1 1 0 3
haar_x3
-4.974355e-03 0 1
2
1 1 16 17 0 -1
9 1 8 17 0 2
haar_x2
-6.454939e-01 -1 -2
6.631044e-01 7.739191e-01 -5.259337e-01 
2
2
5 9 12 11 0 -1
11 9 6 11 0 2
haar_x2
2.708169e-01 1 0
2
10 10 8 5 0 -1
12 10 4 5 0 2
haar_x4
5.451831e-02 -1 -2
8.097131e-01 -6.891547e-01 5.828246e-01 
-1.424339e+00

8
-1
