7
2
2
3 13 12 1 0 -1
6 13 6 1 0 2
haar_x4
-2.353182e-02 1 0
2
1 5 16 6 0 -1
1 8 16 3 0 2
haar_y2
8.693835e-02 -1 -2
-6.066186e-01 -4.987320e-01 8.146152e-01 
2
2
10 1 4 9 0 -1
10 1 2 9 0 2
tilted_haar_y2
4.934539e-02 0 1
2
9 8 2 4 0 -1
8 9 2 2 0 2
tilted_haar_x4
-5.351721e-03 -1 -2
1.436470e-01 2.685769e-01 -3.409206e-01 
2
2
8 1 9 4 0 -1
8 1 9 2 0 2
tilted_haar_y2
2.053948e-02 0 1
3
4 3 2 4 0 -1
4 3 1 2 0 2
5 5 1 2 0 2
haar_x2_y2
2.767372e-03 -1 -2
-8.062160e-01 -3.260410e-01 7.173513e-01 
2
3
14 5 2 2 0 -1
15 5 1 1 0 2
14 6 1 1 0 2
haar_x2_y2
1.293988e-03 0 1
2
6 11 6 9 0 -1
8 11 2 9 0 3
haar_x3
6.320415e-04 -1 -2
-2.758592e-01 -7.057802e-01 2.914383e-01 
2
3
2 5 2 2 0 -1
2 5 1 1 0 2
3 6 1 1 0 2
haar_x2_y2
6.134107e-05 0 1
2
6 2 11 6 0 -1
4 4 11 2 0 3
tilted_haar_y3
-5.912157e-03 -1 -2
-5.956078e-01 6.072409e-01 -8.837453e-01 
2
2
15 0 3 4 0 -1
16 0 1 4 0 3
haar_x3
8.626919e-03 0 1
2
4 0 10 3 0 -1
4 1 10 1 0 3
haar_y3
3.493344e-02 -1 -2
1.038632e-01 -2.276786e-01 7.048352e-01 
2
2
0 3 4 17 0 -1
1 3 2 17 0 2
haar_x4
-6.883940e-02 0 1
2
5 0 2 3 0 -1
5 1 2 1 0 3
haar_y3
8.370293e-03 -1 -2
7.177994e-01 -7.390180e-01 5.265364e-01 
-1.682163e+00

20
-1
