8
2
2
2 1 1 10 0 -1
2 6 1 5 0 2
haar_y2
2.477072e-05 0 1
2
1 16 16 4 0 -1
1 17 16 2 0 2
haar_y4
-2.271730e-03 -1 -2
-8.413689e-01 4.857876e-01 -8.971663e-01 
2
2
17 2 1 3 0 -1
16 3 1 1 0 3
tilted_haar_x3
2.328773e-05 0 1
2
16 5 2 15 0 -1
16 5 1 15 0 2
haar_x2
7.825324e-03 -1 -2
-3.681512e-01 -2.193186e-01 1.822696e-01 
2
2
4 4 2 1 0 -1
4 4 1 1 0 2
tilted_haar_x2
2.394202e-05 0 1
2
3 5 12 1 0 -1
7 5 4 1 0 3
haar_x3
9.515916e-03 -1 -2
-6.769760e-01 -7.912583e-01 5.857911e-01 
2
2
10 10 3 2 0 -1
11 11 1 2 0 3
tilted_haar_y3
7.504361e-03 1 0
2
9 7 2 4 0 -1
9 9 2 2 0 2
haar_y2
6.283019e-03 -1 -2
3.104911e-01 -3.907654e-02 -6.241972e-01 
2
2
8 10 2 3 0 -1
7 11 2 1 0 3
tilted_haar_y3
-4.667912e-05 1 0
2
1 12 2 6 0 -1
1 14 2 2 0 3
haar_y3
5.735626e-03 -1 -2
-8.750667e-01 4.564104e-01 -9.191843e-01 
2
2
16 0 2 5 0 -1
16 0 1 5 0 2
haar_x2
-7.535379e-05 0 1
2
16 5 2 15 0 -1
16 5 1 15 0 2
haar_x2
-4.448812e-03 -1 -2
6.836800e-02 2.091641e-01 -2.757251e-01 
2
2
0 0 3 20 0 -1
1 0 1 20 0 3
haar_x3
-5.528261e-02 0 1
2
9 6 6 1 0 -1
11 8 2 1 0 3
tilted_haar_x3
-1.416326e-02 -1 -2
7.419308e-01 3.601561e-01 -8.006105e-01 
2
2
3 0 12 3 0 -1
3 1 12 1 0 3
haar_y3
4.417097e-02 1 0
2
1 4 16 16 0 -1
1 4 8 16 0 2
haar_x2
-3.731128e-01 -1 -2
8.331721e-01 7.529131e-01 -3.736602e-01 
-1.613879e+00

8
-1
