2
4
3
10 0 8 2 0 -1
10 0 4 1 0 2
14 1 4 1 0 2
haar_x2_y2
-7.411741e-03 3 1
2
1 8 16 12 0 -1
9 8 8 12 0 2
haar_x2
4.648125e-01 2 0
2
1 9 16 11 0 -1
9 9 8 11 0 2
haar_x2
-4.905871e-01 -1 -2
2
14 11 4 3 0 -1
15 12 2 3 0 2
tilted_haar_x4
-3.735159e-04 -3 -4
6.655903e-01 6.724691e-01 -8.405249e-01 -8.451904e-01 7.283835e-01 
4
2
3 6 3 1 0 -1
4 6 1 1 0 3
haar_x3
-2.993152e-03 1 2
2
1 6 3 2 0 -1
2 6 1 2 0 3
haar_x3
-2.879244e-05 0 -1
2
11 5 1 4 0 -1
11 5 1 2 0 2
tilted_haar_y2
2.118376e-02 3 -2
2
7 3 6 4 0 -1
9 5 2 4 0 3
tilted_haar_x3
7.530069e-02 -3 -4
7.068172e-01 -7.388194e-01 3.939546e-01 -8.620551e-01 1.944506e-01 
-6.460742e-01

6
-1
