9
2
2
2 0 15 3 0 -1
2 1 15 1 0 3
haar_y3
5.582445e-02 1 0
2
0 0 8 2 0 -1
0 1 8 1 0 2
haar_y2
-2.172193e-02 -1 -2
7.322333e-01 5.946558e-01 -6.158759e-01 
2
2
2 1 15 7 0 -1
7 1 5 7 0 3
haar_x3
1.436494e-01 0 1
2
10 7 4 3 0 -1
10 8 4 1 0 3
haar_y3
7.611809e-05 -1 -2
-7.217054e-01 -7.482253e-01 1.746101e-01 
2
2
5 13 2 4 0 -1
5 15 2 2 0 2
haar_y2
-1.688694e-03 1 0
2
8 6 2 1 0 -1
9 6 1 1 0 2
haar_x2
6.756736e-04 -1 -2
-4.779764e-01 -8.031273e-01 7.047903e-01 
2
2
11 8 6 4 0 -1
11 8 3 4 0 2
haar_x2
-2.513025e-03 1 0
2
8 6 3 3 0 -1
8 7 3 1 0 3
haar_y3
4.403831e-03 -1 -2
-2.471185e-01 2.139598e-01 -8.866473e-01 
2
2
8 8 2 1 0 -1
9 8 1 1 0 2
haar_x2
2.230148e-04 0 1
2
6 5 1 2 0 -1
6 6 1 1 0 2
haar_y2
2.806674e-04 -1 -2
-8.054262e-01 -8.658787e-01 4.924205e-01 
2
2
13 7 4 11 0 -1
13 7 2 11 0 2
haar_x2
-9.412915e-04 1 0
2
9 8 1 2 0 -1
9 9 1 1 0 2
haar_y2
2.528894e-05 -1 -2
-4.223544e-01 -4.968652e-01 2.847124e-01 
2
2
5 7 4 3 0 -1
5 8 4 1 0 3
haar_y3
1.174059e-04 0 1
2
2 7 4 11 0 -1
4 7 2 11 0 2
haar_x2
-4.797417e-03 -1 -2
-8.268744e-01 6.189359e-01 -5.741458e-01 
2
2
16 9 2 7 0 -1
16 9 1 7 0 2
tilted_haar_y2
9.555268e-03 0 1
2
11 7 6 6 0 -1
11 7 3 6 0 2
haar_x2
-1.318317e-02 -1 -2
2.604582e-01 3.660182e-01 -9.861714e-02 
2
2
3 9 7 2 0 -1
3 9 7 1 0 2
tilted_haar_y2
7.100209e-03 0 1
3
2 17 6 2 0 -1
2 17 3 1 0 2
5 18 3 1 0 2
haar_x2_y2
2.003082e-03 -1 -2
-7.471415e-01 -4.565870e-01 5.912296e-01 
-1.832847e+00

22
-1
