11
2
2
3 0 12 3 0 -1
3 1 12 1 0 3
haar_y3
2.370021e-02 0 1
2
0 8 7 3 0 -1
0 9 7 1 0 3
haar_y3
1.173544e-03 -1 -2
-5.339946e-01 -4.834043e-01 7.164655e-01 
2
2
13 10 2 6 0 -1
13 10 1 6 0 2
tilted_haar_y2
1.784231e-04 1 0
2
12 11 7 3 0 -1
12 12 7 1 0 3
haar_y3
1.134912e-02 -1 -2
-1.221218e-01 1.062037e-01 -7.872840e-01 
2
2
6 10 6 2 0 -1
6 10 6 1 0 2
tilted_haar_y2
5.692341e-03 1 0
2
8 3 2 4 0 -1
9 3 1 4 0 2
haar_x2
4.568266e-03 -1 -2
-4.212164e-01 -4.693148e-01 6.105455e-01 
2
2
13 3 3 5 0 -1
14 4 1 5 0 3
tilted_haar_y3
1.405177e-02 1 0
2
10 5 4 2 0 -1
10 6 4 1 0 2
haar_y2
1.852658e-04 -1 -2
-6.490712e-01 -6.744103e-01 1.008853e-01 
2
2
6 3 5 3 0 -1
5 4 5 1 0 3
tilted_haar_y3
-3.022600e-03 1 0
2
5 5 6 2 0 -1
5 6 6 1 0 2
haar_y2
3.555229e-03 -1 -2
-6.659465e-01 -6.410285e-01 4.287314e-01 
2
2
15 11 3 3 0 -1
16 11 1 3 0 3
haar_x3
2.526663e-05 0 1
2
2 0 15 8 0 -1
7 0 5 8 0 3
haar_x3
1.276937e-01 -1 -2
-1.787971e-01 -5.956410e-01 1.813909e-01 
2
2
4 10 6 1 0 -1
6 10 2 1 0 3
haar_x3
-1.543775e-03 1 0
2
4 8 6 4 0 -1
4 9 6 2 0 2
haar_y4
2.879590e-03 -1 -2
-5.667673e-01 -5.442174e-01 4.037123e-01 
2
3
14 15 4 4 0 -1
16 15 2 2 0 2
14 17 2 2 0 2
haar_x2_y2
5.258135e-03 1 0
2
16 5 2 1 0 -1
16 5 1 1 0 2
haar_x2
-3.725219e-04 -1 -2
4.908441e-01 2.110284e-01 -2.483035e-01 
2
2
0 6 3 10 0 -1
1 6 1 10 0 3
haar_x3
1.408583e-02 1 0
2
0 17 3 2 0 -1
1 17 1 2 0 3
haar_x3
-2.777250e-03 -1 -2
4.954393e-01 3.480110e-01 -6.590303e-01 
2
3
6 0 10 2 0 -1
11 0 5 1 0 2
6 1 5 1 0 2
haar_x2_y2
1.839464e-02 1 0
3
2 0 16 2 0 -1
10 0 8 1 0 2
2 1 8 1 0 2
haar_x2_y2
-1.464960e-02 -1 -2
6.671379e-01 5.045473e-01 -2.179987e-01 
2
2
2 15 15 3 0 -1
2 16 15 1 0 3
haar_y3
-1.838150e-02 0 1
2
6 16 7 3 0 -1
6 17 7 1 0 3
haar_y3
-1.232372e-02 -1 -2
4.395095e-01 4.776540e-01 -5.754562e-01 
-1.754045e+00

43
-1
