89
2
2
1 0 16 2 0 -1
5 0 8 2 0 2
haar_x4
-4.649576e-02 1 0
2
0 2 1 18 0 -1
0 8 1 6 0 3
haar_y3
-3.869513e-02 -1 -2
-2.152304e-01 5.555529e-01 -5.800303e-02 
2
2
4 11 10 10 0 -1
4 16 10 5 0 2
haar_y2
-5.588577e-02 1 0
2
13 3 2 14 0 -1
13 10 2 7 0 2
haar_y2
5.749840e-02 -1 -2
-2.743203e-01 3.486108e-02 -3.553801e-01 
2
2
4 7 12 3 0 -1
8 11 4 3 0 3
tilted_haar_x3
8.370366e-02 0 1
2
3 14 3 3 0 -1
2 15 3 1 0 3
tilted_haar_y3
-1.714648e-02 -1 -2
-7.953146e-02 6.095849e-01 1.187393e-01 
2
2
15 5 3 1 0 -1
16 5 1 1 0 3
haar_x3
-3.555386e-03 1 0
2
12 0 4 6 0 -1
10 2 4 2 0 3
tilted_haar_x3
3.845112e-02 -1 -2
-1.230306e-01 -8.904134e-02 1.275019e-01 
2
2
0 5 3 1 0 -1
1 5 1 1 0 3
haar_x3
5.442442e-03 1 0
2
6 0 6 4 0 -1
8 2 2 4 0 3
tilted_haar_x3
9.940194e-02 -1 -2
5.163611e-01 -3.830637e-02 5.134172e-01 
2
2
3 0 12 2 0 -1
3 1 12 1 0 2
haar_y2
-2.077589e-02 0 1
3
10 20 6 2 0 -1
13 20 3 1 0 2
10 21 3 1 0 2
haar_x2_y2
-4.268174e-03 -1 -2
2.257229e-01 2.251792e-01 -7.952471e-02 
2
2
4 5 3 12 0 -1
4 9 3 4 0 3
haar_y3
4.238991e-02 1 0
3
1 15 2 2 0 -1
1 15 1 1 0 2
2 16 1 1 0 2
haar_x2_y2
-4.737508e-03 -1 -2
1.758098e-01 3.953111e-01 -2.174346e-01 
2
2
16 7 1 2 0 -1
16 8 1 1 0 2
haar_y2
-1.336051e-03 0 1
3
10 20 6 2 0 -1
13 20 3 1 0 2
10 21 3 1 0 2
haar_x2_y2
3.011357e-03 -1 -2
1.086159e-01 -6.206181e-02 1.723025e-01 
2
2
1 7 1 2 0 -1
1 8 1 1 0 2
haar_y2
-8.720363e-04 0 1
3
2 20 6 2 0 -1
2 20 3 1 0 2
5 21 3 1 0 2
haar_x2_y2
5.214891e-03 -1 -2
-3.348480e-01 -2.765889e-02 3.277142e-01 
2
3
14 19 2 2 0 -1
15 19 1 1 0 2
14 20 1 1 0 2
haar_x2_y2
-7.764599e-04 0 1
2
14 19 3 3 0 -1
15 20 1 1 0 9
haar_point
-8.348097e-03 -1 -2
1.606245e-01 2.191418e-01 -7.597291e-02 
2
2
3 16 3 3 0 -1
2 17 3 1 0 3
tilted_haar_y3
-1.742784e-02 0 1
2
0 6 1 2 0 -1
0 7 1 1 0 2
haar_y2
-8.789931e-04 -1 -2
2.014621e-01 -4.187324e-01 -4.257236e-02 
2
3
16 7 2 12 0 -1
17 7 1 6 0 2
16 13 1 6 0 2
haar_x2_y2
1.423265e-02 1 0
2
16 9 1 6 0 -1
16 12 1 3 0 2
haar_y2
-1.924095e-03 -1 -2
3.996579e-01 9.311429e-02 -6.169801e-02 
2
3
0 6 2 12 0 -1
0 6 1 6 0 2
1 12 1 6 0 2
haar_x2_y2
1.590811e-02 0 1
2
0 21 18 1 0 -1
6 21 6 1 0 3
haar_x3
-8.729281e-03 -1 -2
-9.831425e-02 5.823964e-01 -1.450418e-01 
2
2
13 9 4 5 0 -1
14 10 2 5 0 2
tilted_haar_y4
-4.425042e-02 0 1
2
3 3 12 13 0 -1
7 3 4 13 0 3
haar_x3
3.706079e-01 -1 -2
-5.950773e-01 1.288444e-02 -8.109114e-01 
2
2
6 2 2 1 0 -1
7 2 1 1 0 2
haar_x2
-1.076642e-03 0 1
2
5 9 5 4 0 -1
4 10 5 2 0 2
tilted_haar_y4
2.131201e-02 -1 -2
-4.021716e-01 -1.879581e-02 3.497411e-01 
2
2
9 13 2 1 0 -1
9 13 1 1 0 2
tilted_haar_y2
-8.475166e-03 0 1
2
6 11 10 6 0 -1
6 14 10 3 0 2
haar_y2
-6.633439e-02 -1 -2
-7.437148e-01 -2.185638e-01 2.316011e-02 
2
2
9 13 1 2 0 -1
9 13 1 1 0 2
tilted_haar_y2
4.546386e-04 1 0
3
2 7 14 4 0 -1
2 7 7 2 0 2
9 9 7 2 0 2
haar_x2_y2
2.036826e-02 -1 -2
1.231224e-01 -3.134423e-01 1.309746e-01 
2
2
14 0 3 1 0 -1
15 0 1 1 0 3
haar_x3
2.474652e-04 1 0
2
14 0 3 1 0 -1
15 0 1 1 0 3
haar_x3
2.474652e-04 -1 -2
-1.198125e-01 7.160226e-02 -1.198125e-01 
2
2
1 0 3 1 0 -1
2 0 1 1 0 3
haar_x3
2.690853e-04 1 0
2
1 0 3 1 0 -1
2 0 1 1 0 3
haar_x3
-2.964913e-04 -1 -2
-1.663825e-01 -8.243857e-02 2.784318e-01 
2
2
14 1 3 3 0 -1
15 2 1 1 0 9
haar_point
-7.866055e-03 0 1
2
4 0 10 6 0 -1
4 2 10 2 0 3
haar_y3
-8.170652e-02 -1 -2
2.103654e-01 2.955622e-01 -4.635098e-02 
2
2
1 1 3 3 0 -1
2 2 1 1 0 9
haar_point
-9.577729e-03 1 0
2
5 1 1 3 0 -1
4 2 1 1 0 3
tilted_haar_y3
-2.510494e-03 -1 -2
-1.590904e-01 -3.288152e-01 3.192099e-01 
2
2
8 8 3 6 0 -1
9 10 1 2 0 9
haar_point
1.608468e-02 1 0
2
10 7 2 9 0 -1
7 10 2 3 0 3
tilted_haar_x3
-7.206154e-02 -1 -2
1.381032e-01 -4.624752e-01 9.892089e-03 
2
2
2 2 12 3 0 -1
8 2 6 3 0 2
haar_x2
8.764857e-02 1 0
3
2 2 14 6 0 -1
2 2 7 3 0 2
9 5 7 3 0 2
haar_x2_y2
2.872600e-02 -1 -2
3.559959e-01 -2.005232e-01 8.014233e-02 
2
2
9 0 4 9 0 -1
9 0 2 9 0 2
tilted_haar_y2
-4.152908e-02 0 1
2
9 6 3 9 0 -1
9 9 3 3 0 3
haar_y3
3.102654e-02 -1 -2
7.082185e-02 -4.228818e-02 1.200113e-01 
2
2
9 0 9 4 0 -1
9 0 9 2 0 2
tilted_haar_y2
-1.256603e-02 0 1
2
6 6 3 9 0 -1
6 9 3 3 0 3
haar_y3
1.273668e-02 -1 -2
8.773579e-02 -3.907553e-01 1.284009e-02 
2
2
9 7 1 4 0 -1
8 8 1 2 0 2
tilted_haar_x4
-4.303796e-03 0 1
2
7 5 8 8 0 -1
9 5 4 8 0 2
haar_x4
-1.464844e-02 -1 -2
1.426718e-01 1.653032e-01 -5.428179e-02 
2
2
4 8 9 4 0 -1
7 8 3 4 0 3
haar_x3
-1.372151e-02 1 0
2
4 8 2 4 0 -1
3 9 2 2 0 2
tilted_haar_y4
1.502083e-03 -1 -2
-1.401441e-01 3.221472e-01 -3.776135e-01 
2
2
10 8 6 4 0 -1
12 8 2 4 0 3
haar_x3
-8.102340e-03 1 0
2
7 11 4 2 0 -1
8 11 2 2 0 2
haar_x4
1.138465e-03 -1 -2
-6.061340e-02 -8.685538e-02 1.131099e-01 
2
2
1 9 1 6 0 -1
1 12 1 3 0 2
haar_y2
8.120410e-05 1 0
2
3 6 10 3 0 -1
3 6 5 3 0 2
tilted_haar_x2
-7.935990e-02 -1 -2
-1.168791e-01 3.967700e-01 5.538317e-03 
2
3
11 0 2 2 0 -1
12 0 1 1 0 2
11 1 1 1 0 2
haar_x2_y2
-5.843392e-03 1 0
3
8 0 8 2 0 -1
12 0 4 1 0 2
8 1 4 1 0 2
haar_x2_y2
-1.495250e-02 -1 -2
-1.658851e-02 3.064528e-01 -3.859743e-02 
2
3
5 0 2 2 0 -1
5 0 1 1 0 2
6 1 1 1 0 2
haar_x2_y2
3.658061e-03 1 0
3
2 0 8 2 0 -1
2 0 4 1 0 2
6 1 4 1 0 2
haar_x2_y2
-8.164803e-03 -1 -2
3.758374e-01 2.375903e-01 -1.216728e-01 
2
2
0 0 18 2 0 -1
0 0 9 2 0 2
haar_x2
8.025420e-02 0 1
3
12 0 2 2 0 -1
13 0 1 1 0 2
12 1 1 1 0 2
haar_x2_y2
2.026703e-03 -1 -2
3.999130e-02 -8.754582e-02 3.085138e-01 
2
2
0 0 18 3 0 -1
9 0 9 3 0 2
haar_x2
-1.072239e-01 0 1
3
4 0 2 2 0 -1
4 0 1 1 0 2
5 1 1 1 0 2
haar_x2_y2
3.131242e-03 -1 -2
-5.622333e-01 -5.861295e-02 3.195980e-01 
2
2
9 2 2 1 0 -1
9 2 1 1 0 2
haar_x2
1.220283e-03 0 1
2
9 15 1 4 0 -1
9 17 1 2 0 2
haar_y2
-9.082280e-03 -1 -2
3.488225e-02 -7.842216e-01 1.415620e-02 
2
2
7 2 2 1 0 -1
8 2 1 1 0 2
haar_x2
-1.439573e-03 0 1
2
8 15 1 4 0 -1
8 17 1 2 0 2
haar_y2
-5.669599e-03 -1 -2
-5.428539e-01 -4.002669e-01 4.083795e-02 
2
2
9 18 1 2 0 -1
9 18 1 1 0 2
tilted_haar_x2
1.033040e-02 1 0
2
9 18 1 2 0 -1
9 18 1 1 0 2
tilted_haar_x2
1.033040e-02 -1 -2
-6.528552e-01 2.137852e-03 -6.528552e-01 
2
2
2 7 6 5 0 -1
4 7 2 5 0 3
haar_x3
-2.669854e-02 1 0
2
7 11 4 2 0 -1
8 11 2 2 0 2
haar_x4
6.293074e-04 -1 -2
-5.374048e-02 -2.192184e-01 5.413679e-01 
2
2
9 8 8 1 0 -1
9 8 4 1 0 2
tilted_haar_y2
4.445601e-02 1 0
2
9 13 4 9 0 -1
9 16 4 3 0 3
haar_y3
-5.253873e-02 -1 -2
-7.976774e-01 -3.394475e-01 2.755469e-02 
2
2
7 13 4 5 0 -1
7 13 2 5 0 2
tilted_haar_x2
6.696953e-03 1 0
2
3 16 10 6 0 -1
3 18 10 2 0 3
haar_y3
-4.267359e-03 -1 -2
1.660932e-01 6.122296e-02 -3.382627e-01 
2
2
15 2 3 1 0 -1
16 2 1 1 0 3
haar_x3
4.547960e-03 0 1
2
12 1 1 2 0 -1
12 2 1 1 0 2
haar_y2
-6.218110e-03 -1 -2
-4.718874e-02 3.752331e-01 -1.924935e-02 
2
2
5 12 3 1 0 -1
6 13 1 1 0 3
tilted_haar_x3
9.126330e-03 1 0
2
0 2 3 1 0 -1
1 2 1 1 0 3
haar_x3
-5.609754e-03 -1 -2
-4.658412e-01 5.114111e-01 3.183532e-02 
2
2
14 10 4 1 0 -1
14 10 2 1 0 2
haar_x2
-1.864469e-03 1 0
2
11 3 6 6 0 -1
9 5 6 2 0 3
tilted_haar_x3
4.702501e-02 -1 -2
-4.564214e-02 -3.532137e-02 1.282016e-01 
2
2
9 10 8 4 0 -1
9 10 8 2 0 2
tilted_haar_y2
5.417616e-02 1 0
2
0 10 4 1 0 -1
2 10 2 1 0 2
haar_x2
-1.902734e-03 -1 -2
-2.638379e-01 -2.577616e-01 1.637847e-01 
2
2
9 0 6 3 0 -1
11 0 2 3 0 3
haar_x3
-4.557938e-05 0 1
2
12 0 6 4 0 -1
11 1 6 2 0 2
tilted_haar_x4
2.929753e-02 -1 -2
7.525461e-02 -5.425858e-02 3.338144e-01 
2
2
3 0 6 3 0 -1
5 0 2 3 0 3
haar_x3
-3.167960e-02 0 1
2
0 2 4 4 0 -1
2 2 2 4 0 2
haar_x2
-2.942985e-03 -1 -2
-5.047910e-01 9.710807e-02 -1.717927e-01 
2
2
5 10 8 3 0 -1
5 11 8 1 0 3
haar_y3
-1.874738e-02 0 1
2
9 8 3 6 0 -1
9 8 3 3 0 2
tilted_haar_x2
2.029288e-02 -1 -2
-6.948739e-01 -5.208660e-02 4.869831e-02 
2
2
9 8 6 3 0 -1
9 8 3 3 0 2
tilted_haar_x2
6.319845e-02 1 0
2
2 3 13 3 0 -1
2 4 13 1 0 3
haar_y3
-1.199102e-02 -1 -2
-6.151012e-01 -2.920191e-01 8.979969e-02 
2
3
10 0 2 2 0 -1
11 0 1 1 0 2
10 1 1 1 0 2
haar_x2_y2
-7.343248e-03 1 0
2
10 10 3 1 0 -1
11 10 1 1 0 3
haar_x3
4.781014e-04 -1 -2
-1.326059e-02 -4.875718e-02 5.699750e-02 
2
3
6 0 2 2 0 -1
6 0 1 1 0 2
7 1 1 1 0 2
haar_x2_y2
2.544813e-03 1 0
2
5 10 3 1 0 -1
6 10 1 1 0 3
haar_x3
-2.685907e-03 -1 -2
2.949942e-01 2.374597e-01 -1.020512e-01 
2
2
8 6 4 8 0 -1
8 6 2 8 0 2
haar_x2
1.237529e-02 1 0
2
7 4 4 8 0 -1
8 4 2 8 0 2
haar_x4
-3.111538e-02 -1 -2
9.267633e-02 -6.505195e-01 1.066955e-02 
2
2
6 6 4 8 0 -1
8 6 2 8 0 2
haar_x2
-1.622821e-02 1 0
2
5 1 4 16 0 -1
6 1 2 16 0 2
haar_x4
3.392385e-02 -1 -2
-8.925601e-02 3.697659e-01 -6.155106e-01 
2
2
13 12 2 8 0 -1
13 16 2 4 0 2
haar_y2
-6.139562e-03 1 0
2
7 8 10 3 0 -1
7 8 5 3 0 2
haar_x2
-4.315078e-02 -1 -2
-9.863288e-02 -1.042219e-01 1.515020e-02 
2
2
3 12 2 8 0 -1
3 16 2 4 0 2
haar_y2
-3.220831e-02 1 0
2
1 8 10 3 0 -1
6 8 5 3 0 2
haar_x2
5.968605e-02 -1 -2
8.005562e-02 -7.818682e-01 7.002246e-01 
2
2
6 7 9 6 0 -1
9 7 3 6 0 3
haar_x3
5.924229e-02 0 1
2
10 8 3 4 0 -1
11 9 1 4 0 3
tilted_haar_y3
5.958672e-02 -1 -2
-6.952743e-02 -6.583832e-03 -9.138870e-01 
2
2
4 13 3 3 0 -1
5 14 1 3 0 3
tilted_haar_x3
2.366663e-02 1 0
2
3 13 2 1 0 -1
3 13 1 1 0 2
tilted_haar_x2
5.092401e-03 -1 -2
-7.520046e-01 9.026723e-02 -5.343216e-01 
2
2
16 13 1 6 0 -1
16 16 1 3 0 2
haar_y2
1.437933e-02 0 1
2
14 16 4 3 0 -1
14 16 2 3 0 2
haar_x2
-1.332504e-02 -1 -2
-2.855812e-02 2.141003e-01 -5.286857e-02 
2
2
1 12 2 8 0 -1
1 16 2 4 0 2
haar_y2
-9.835726e-03 0 1
2
0 16 4 3 0 -1
2 16 2 3 0 2
haar_x2
-3.539630e-03 -1 -2
2.570933e-01 1.148298e-01 -2.096165e-01 
2
2
9 6 7 4 0 -1
9 6 7 2 0 2
tilted_haar_x2
-9.163434e-02 1 0
2
15 3 2 12 0 -1
15 9 2 6 0 2
haar_y2
6.995060e-02 -1 -2
8.749527e-03 8.475450e-03 -9.035991e-01 
2
2
9 6 4 7 0 -1
9 6 2 7 0 2
tilted_haar_x2
-4.826814e-02 1 0
2
1 3 2 12 0 -1
1 9 2 6 0 2
haar_y2
7.003978e-03 -1 -2
-1.231939e-01 2.679343e-01 -3.418100e-01 
2
2
11 7 6 6 0 -1
13 7 2 6 0 3
haar_x3
1.910959e-02 1 0
2
8 7 6 5 0 -1
10 7 2 5 0 3
haar_x3
-1.048165e-02 -1 -2
1.860848e-01 1.778796e-01 -6.699786e-02 
2
2
1 7 6 6 0 -1
3 7 2 6 0 3
haar_x3
2.830175e-02 0 1
2
0 11 6 6 0 -1
2 13 2 2 0 9
haar_point
3.030817e-02 -1 -2
-1.005865e-01 4.128404e-01 -3.380444e-01 
2
2
8 3 3 3 0 -1
9 4 1 1 0 9
haar_point
1.289423e-02 1 0
2
14 16 3 3 0 -1
15 17 1 3 0 3
tilted_haar_y3
-1.906908e-02 -1 -2
-3.095006e-01 3.101799e-01 -2.688482e-02 
2
2
6 1 3 2 0 -1
6 2 3 1 0 2
haar_y2
-1.582340e-02 0 1
2
0 5 1 2 0 -1
0 6 1 1 0 2
haar_y2
-1.035352e-03 -1 -2
6.543689e-01 -2.720878e-01 6.298045e-02 
2
2
9 10 1 6 0 -1
7 12 1 2 0 3
tilted_haar_x3
1.886459e-02 1 0
2
12 8 4 4 0 -1
12 8 2 4 0 2
haar_x2
8.308863e-03 -1 -2
1.038742e-01 -6.849535e-02 1.163794e-01 
2
2
2 7 2 7 0 -1
3 7 1 7 0 2
haar_x2
6.862957e-04 0 1
2
0 15 2 1 0 -1
1 15 1 1 0 2
haar_x2
2.136423e-03 -1 -2
1.412534e-01 -1.672826e-01 3.377292e-01 
2
2
17 16 1 2 0 -1
17 17 1 1 0 2
haar_y2
-2.548997e-03 1 0
2
11 13 6 6 0 -1
11 15 6 2 0 3
haar_y3
-1.205109e-02 -1 -2
2.123402e-02 1.133209e-01 -4.112206e-02 
2
2
0 16 1 2 0 -1
0 17 1 1 0 2
haar_y2
9.980011e-04 1 0
2
1 13 6 6 0 -1
1 15 6 2 0 3
haar_y3
-9.178009e-03 -1 -2
-2.370466e-01 2.543855e-01 -5.151878e-02 
2
2
15 13 2 4 0 -1
15 13 1 4 0 2
haar_x2
5.861043e-03 1 0
2
8 8 4 8 0 -1
8 10 4 4 0 2
haar_y4
-2.296637e-02 -1 -2
-1.870445e-01 -4.790037e-01 1.271249e-02 
2
2
1 13 2 4 0 -1
2 13 1 4 0 2
haar_x2
3.357837e-03 1 0
2
6 8 4 8 0 -1
6 10 4 4 0 2
haar_y4
-1.115387e-02 -1 -2
2.425292e-01 3.924478e-01 -1.265999e-01 
2
2
16 1 1 3 0 -1
16 2 1 1 0 3
haar_y3
6.981715e-03 1 0
2
8 6 9 8 0 -1
8 10 9 4 0 2
haar_y2
1.951138e-01 -1 -2
3.838963e-01 5.526409e-03 -9.698868e-01 
2
2
8 0 2 1 0 -1
9 0 1 1 0 2
haar_x2
-1.262301e-03 0 1
2
1 1 1 3 0 -1
1 2 1 1 0 3
haar_y3
4.772956e-03 -1 -2
-3.316312e-01 -2.428143e-02 3.925140e-01 
2
2
8 0 2 1 0 -1
8 0 1 1 0 2
haar_x2
-9.418452e-04 1 0
2
8 6 10 8 0 -1
8 10 10 4 0 2
haar_y2
-1.426089e-01 -1 -2
7.194265e-02 -8.966231e-01 4.000775e-03 
2
2
0 6 10 8 0 -1
0 10 10 4 0 2
haar_y2
3.187758e-02 1 0
2
4 8 8 3 0 -1
6 10 4 3 0 2
tilted_haar_x4
-1.211905e-02 -1 -2
6.321179e-02 1.129130e-01 -3.011850e-01 
2
2
11 18 1 3 0 -1
10 19 1 1 0 3
tilted_haar_x3
1.162994e-03 1 0
2
10 19 2 1 0 -1
10 19 1 1 0 2
haar_x2
2.572687e-03 -1 -2
7.617143e-02 1.862847e-02 -4.854596e-01 
2
2
7 18 3 1 0 -1
8 19 1 1 0 3
tilted_haar_x3
5.937404e-03 1 0
3
5 0 4 2 0 -1
5 0 2 1 0 2
7 1 2 1 0 2
haar_x2_y2
-9.922800e-03 -1 -2
-5.426092e-01 5.297986e-01 -2.918666e-02 
2
2
9 3 8 7 0 -1
9 3 4 7 0 2
tilted_haar_y2
8.777749e-02 0 1
2
10 11 1 4 0 -1
10 11 1 2 0 2
tilted_haar_x2
2.335940e-03 -1 -2
-2.372011e-02 -6.793536e-02 4.519374e-02 
2
2
9 3 7 8 0 -1
9 3 7 4 0 2
tilted_haar_y2
-1.224694e-01 0 1
2
6 0 1 20 0 -1
6 5 1 10 0 2
haar_y4
-2.090143e-02 -1 -2
-5.641823e-01 -5.723311e-01 7.877143e-02 
2
3
6 20 6 2 0 -1
9 20 3 1 0 2
6 21 3 1 0 2
haar_x2_y2
-1.419578e-03 1 0
3
8 19 6 2 0 -1
11 19 3 1 0 2
8 20 3 1 0 2
haar_x2_y2
8.924766e-03 -1 -2
-9.378116e-02 6.911795e-03 -4.115971e-01 
2
2
7 17 3 1 0 -1
8 18 1 1 0 3
tilted_haar_x3
-2.936875e-03 0 1
3
3 20 2 2 0 -1
3 20 1 1 0 2
4 21 1 1 0 2
haar_x2_y2
-2.379239e-03 -1 -2
-2.382132e-01 3.963025e-01 4.762487e-02 
2
3
14 17 2 4 0 -1
15 17 1 2 0 2
14 19 1 2 0 2
haar_x2_y2
1.243894e-02 1 0
3
14 19 2 2 0 -1
15 19 1 1 0 2
14 20 1 1 0 2
haar_x2_y2
-1.493172e-03 -1 -2
6.303980e-01 1.898077e-01 -4.530207e-02 
2
3
2 17 2 4 0 -1
2 17 1 2 0 2
3 19 1 2 0 2
haar_x2_y2
3.667254e-03 1 0
3
2 19 2 2 0 -1
2 19 1 1 0 2
3 20 1 1 0 2
haar_x2_y2
2.485267e-03 -1 -2
2.290330e-01 -1.217785e-01 3.021862e-01 
2
2
15 2 3 2 0 -1
15 2 3 1 0 2
tilted_haar_x2
1.450828e-02 1 0
2
12 0 6 3 0 -1
11 1 6 1 0 3
tilted_haar_x3
-2.300958e-02 -1 -2
3.984747e-01 2.941357e-01 -5.333164e-02 
2
2
3 2 2 3 0 -1
3 2 1 3 0 2
tilted_haar_x2
1.835747e-02 1 0
2
6 0 3 6 0 -1
7 1 1 6 0 3
tilted_haar_x3
1.268924e-03 -1 -2
2.218439e-01 -1.896853e-01 1.359062e-01 
2
2
0 1 18 21 0 -1
6 8 6 7 0 9
haar_point
1.171880e+00 1 0
2
10 0 6 9 0 -1
10 0 3 9 0 2
tilted_haar_y2
-5.327547e-02 -1 -2
3.768429e-01 4.523438e-02 -8.699768e-02 
2
2
8 0 9 6 0 -1
8 0 9 3 0 2
tilted_haar_y2
8.980737e-02 1 0
2
8 2 2 2 0 -1
8 3 2 1 0 2
haar_y2
-2.229621e-03 -1 -2
3.888072e-01 -5.891067e-01 -3.682641e-02 
2
3
1 7 16 4 0 -1
9 7 8 2 0 2
1 9 8 2 0 2
haar_x2_y2
-2.637433e-02 0 1
2
3 6 15 4 0 -1
3 8 15 2 0 2
haar_y2
1.141751e-01 -1 -2
2.414016e-01 2.738898e-03 -7.307993e-01 
2
2
6 5 5 4 0 -1
5 6 5 2 0 2
tilted_haar_y4
1.645371e-02 0 1
2
9 3 3 3 0 -1
8 4 3 1 0 3
tilted_haar_y3
9.041518e-03 -1 -2
-1.380648e-01 2.615115e-01 -6.148720e-01 
2
2
12 0 6 12 0 -1
9 3 6 6 0 2
tilted_haar_x4
-9.396365e-02 0 1
2
7 3 6 6 0 -1
9 5 2 2 0 9
haar_point
1.484706e-01 -1 -2
-7.492582e-01 1.098366e-02 -8.408980e-01 
2
2
6 0 12 6 0 -1
9 3 6 6 0 2
tilted_haar_x4
-1.272362e-01 0 1
2
5 3 6 6 0 -1
7 5 2 2 0 9
haar_point
6.185204e-02 -1 -2
6.265100e-01 -8.347981e-02 2.927757e-01 
-1.623775e+00

16
-1
