9
2
2
8 1 1 2 0 -1
8 1 1 1 0 2
tilted_haar_y2
2.574669e-05 0 1
2
2 16 13 4 0 -1
2 17 13 2 0 2
haar_y4
-4.276420e-03 -1 -2
-9.060991e-01 5.580761e-01 -8.891864e-01 
2
2
13 10 2 4 0 -1
13 10 1 4 0 2
tilted_haar_y2
-2.331294e-05 1 0
2
8 7 2 4 0 -1
8 8 2 2 0 2
haar_y4
-4.910417e-05 -1 -2
-4.450414e-01 2.880017e-01 -5.007338e-01 
2
2
5 10 4 2 0 -1
5 10 4 1 0 2
tilted_haar_y2
-1.437559e-04 1 0
2
1 12 3 3 0 -1
1 13 3 1 0 3
haar_y3
-4.539460e-03 -1 -2
-8.462148e-01 -9.650453e-01 5.578547e-01 
2
2
7 10 4 4 0 -1
7 11 4 2 0 2
haar_y4
3.851177e-03 1 0
2
7 3 6 5 0 -1
9 3 2 5 0 3
haar_x3
6.174756e-02 -1 -2
3.794034e-01 -2.199606e-01 5.442991e-01 
2
2
2 3 14 3 0 -1
2 4 14 1 0 3
haar_y3
1.037829e-02 1 0
2
0 3 2 17 0 -1
1 3 1 17 0 2
haar_x2
-7.577763e-02 -1 -2
3.299730e-01 4.706004e-01 -6.642310e-01 
2
2
1 1 16 18 0 -1
1 1 8 18 0 2
haar_x2
4.490138e-01 0 1
2
0 10 18 3 0 -1
0 10 9 3 0 2
haar_x2
1.450118e-01 -1 -2
-5.722715e-01 -5.132013e-01 5.547680e-01 
2
2
5 5 6 1 0 -1
8 5 3 1 0 2
haar_x2
8.167217e-04 0 1
2
3 1 12 14 0 -1
3 8 12 7 0 2
haar_y2
6.971648e-03 -1 -2
-9.108137e-01 -9.890215e-01 4.960925e-01 
2
2
8 2 3 2 0 -1
8 3 3 1 0 2
haar_y2
-6.089645e-05 1 0
2
16 3 1 8 0 -1
16 5 1 4 0 2
haar_y4
-2.332382e-05 -1 -2
-9.203470e-01 1.663252e-01 -7.924448e-01 
2
2
3 1 12 8 0 -1
6 1 6 8 0 2
haar_x4
6.310714e-03 0 1
2
3 6 2 1 0 -1
3 6 1 1 0 2
tilted_haar_x2
-2.328773e-05 -1 -2
-9.648774e-01 5.466979e-01 -9.291085e-01 
-1.997827e+00

12
-1
