19
2
2
0 4 19 12 0 -1
0 7 19 6 0 2
haar_y4
3.338665e-01 0 1
2
3 0 13 3 0 -1
3 1 13 1 0 3
haar_y3
2.771161e-02 -1 -2
-3.428590e-01 -2.358550e-01 7.627068e-01 
2
2
10 3 1 4 0 -1
9 4 1 2 0 2
tilted_haar_x4
-4.360858e-03 0 1
2
0 5 19 2 0 -1
0 6 19 1 0 2
haar_y2
2.189768e-02 -1 -2
1.874636e-01 -3.527247e-01 2.822353e-01 
2
2
2 1 15 5 0 -1
7 1 5 5 0 3
haar_x3
1.714595e-01 0 1
2
1 8 16 6 0 -1
5 8 8 6 0 2
haar_x4
-1.524143e-02 -1 -2
-3.381674e-01 5.998650e-01 -3.117699e-01 
2
3
9 7 2 8 0 -1
10 7 1 4 0 2
9 11 1 4 0 2
haar_x2_y2
-1.264956e-03 1 0
2
5 13 9 3 0 -1
5 14 9 1 0 3
haar_y3
8.460885e-03 -1 -2
8.093421e-02 -2.119932e-01 4.074034e-01 
2
3
8 7 2 8 0 -1
8 7 1 4 0 2
9 11 1 4 0 2
haar_x2_y2
-2.417961e-03 1 0
2
6 6 2 12 0 -1
6 12 2 6 0 2
haar_y2
1.249534e-02 -1 -2
-5.208157e-01 2.327070e-01 -7.207115e-01 
2
2
17 13 1 3 0 -1
17 14 1 1 0 3
haar_y3
7.306384e-04 0 1
2
15 2 1 4 0 -1
14 3 1 2 0 2
tilted_haar_x4
-1.586791e-02 -1 -2
1.048051e-01 -4.647556e-01 1.355260e-02 
2
2
8 16 3 2 0 -1
9 16 1 2 0 3
haar_x3
-1.272401e-03 0 1
3
6 13 2 2 0 -1
6 13 1 1 0 2
7 14 1 1 0 2
haar_x2_y2
4.652257e-05 -1 -2
-7.293105e-01 -3.377358e-01 2.197274e-01 
2
2
10 5 3 2 0 -1
11 6 1 2 0 3
tilted_haar_y3
3.029094e-03 0 1
2
10 3 1 4 0 -1
9 4 1 2 0 2
tilted_haar_x4
-1.643356e-02 -1 -2
-3.346166e-01 -6.488622e-01 3.604975e-02 
2
2
8 5 3 3 0 -1
7 6 3 1 0 3
tilted_haar_y3
-1.373864e-02 0 1
2
1 11 1 3 0 -1
1 12 1 1 0 3
haar_y3
1.019108e-03 -1 -2
-7.898600e-01 2.896103e-01 -4.609962e-01 
2
2
7 13 5 3 0 -1
7 14 5 1 0 3
haar_y3
-7.631460e-03 0 1
2
5 12 9 4 0 -1
5 13 9 2 0 2
haar_y4
1.495509e-02 -1 -2
4.898935e-01 -1.318492e-01 4.206978e-01 
2
2
7 11 5 4 0 -1
7 12 5 2 0 2
haar_y4
-1.347811e-02 0 1
2
8 10 3 4 0 -1
8 11 3 2 0 2
haar_y4
6.163292e-03 -1 -2
2.748462e-01 -4.685683e-01 3.283249e-01 
2
2
8 2 3 1 0 -1
9 2 1 1 0 3
haar_x3
4.909203e-05 0 1
2
14 10 2 2 0 -1
14 10 1 2 0 2
tilted_haar_y2
-2.405392e-03 -1 -2
-4.600486e-01 3.230651e-01 -2.240890e-01 
2
2
4 7 6 4 0 -1
4 8 6 2 0 2
haar_y4
1.656426e-03 0 1
2
7 7 4 3 0 -1
7 8 4 1 0 3
haar_y3
4.805120e-03 -1 -2
-5.352754e-01 3.956429e-01 -4.157033e-01 
2
3
17 0 2 2 0 -1
18 0 1 1 0 2
17 1 1 1 0 2
haar_x2_y2
1.343668e-03 1 0
2
16 17 3 2 0 -1
17 17 1 2 0 3
haar_x3
9.000060e-04 -1 -2
1.994457e-01 -1.265642e-01 1.860202e-01 
2
3
0 0 2 2 0 -1
0 0 1 1 0 2
1 1 1 1 0 2
haar_x2_y2
2.345228e-03 1 0
2
0 17 3 2 0 -1
1 17 1 2 0 3
haar_x3
-4.877042e-03 -1 -2
6.908654e-01 5.002996e-01 -2.806150e-01 
2
2
9 16 3 3 0 -1
10 16 1 3 0 3
haar_x3
-3.078023e-03 1 0
3
9 17 10 2 0 -1
14 17 5 1 0 2
9 18 5 1 0 2
haar_x2_y2
2.722720e-03 -1 -2
1.253481e-01 -1.334519e-01 2.396948e-01 
2
2
7 16 3 3 0 -1
8 16 1 3 0 3
haar_x3
3.849764e-03 1 0
3
0 17 10 2 0 -1
0 17 5 1 0 2
5 18 5 1 0 2
haar_x2_y2
3.164636e-03 -1 -2
-7.414234e-01 -2.988096e-01 2.887067e-01 
2
2
8 16 5 3 0 -1
8 17 5 1 0 3
haar_y3
7.217964e-03 1 0
2
7 15 5 3 0 -1
7 16 5 1 0 3
haar_y3
9.675968e-03 -1 -2
3.966473e-01 -1.190061e-01 4.635494e-01 
2
2
3 1 13 2 0 -1
3 2 13 1 0 2
haar_y2
-1.686980e-02 0 1
2
7 2 4 9 0 -1
8 2 2 9 0 2
haar_x4
-2.008428e-02 -1 -2
1.245820e-01 5.814742e-01 -4.949799e-01 
-1.669744e+00

44
-1
