3
2
3
0 0 2 10 0 -1
0 0 1 5 0 2
1 5 1 5 0 2
haar_x2_y2
-1.453958e-02 0 1
3
0 8 2 12 0 -1
0 8 1 6 0 2
1 14 1 6 0 2
haar_x2_y2
2.168141e-02 -1 -2
8.940670e-01 -8.613113e-01 6.315336e-01 
2
2
1 3 8 12 0 -1
5 3 4 12 0 2
haar_x2
4.294090e-02 0 1
2
0 0 8 1 0 -1
4 0 4 1 0 2
haar_x2
-8.320339e-03 -1 -2
-8.562123e-01 8.611059e-01 -5.672802e-01 
2
2
9 7 8 8 0 -1
9 9 8 4 0 2
haar_y4
2.343665e-02 0 1
2
10 0 8 1 0 -1
14 0 4 1 0 2
haar_x2
1.004287e-03 -1 -2
-7.959765e-01 -5.547180e-01 8.375562e-01 
-8.799673e-01

0
-1
