31
2
2
0 0 18 2 0 -1
6 0 6 2 0 3
haar_x3
-2.885077e-02 1 0
2
0 1 2 21 0 -1
0 8 2 7 0 3
haar_y3
-1.057603e-02 -1 -2
-5.263527e-01 7.747467e-01 -2.396099e-01 
2
2
5 11 8 10 0 -1
5 16 8 5 0 2
haar_y2
-1.266787e-02 1 0
2
0 8 18 12 0 -1
0 14 18 6 0 2
haar_y2
-2.375236e-01 -1 -2
-7.103829e-01 -6.910725e-01 1.151352e-01 
2
2
3 0 12 4 0 -1
3 1 12 2 0 2
haar_y4
-1.001487e-02 0 1
3
3 0 6 2 0 -1
3 0 3 1 0 2
6 1 3 1 0 2
haar_x2_y2
7.599491e-03 -1 -2
5.497969e-01 -3.392854e-01 7.101365e-01 
2
2
1 10 16 6 0 -1
5 10 8 6 0 2
haar_x4
4.124439e-02 1 0
2
0 21 18 1 0 -1
6 21 6 1 0 3
haar_x3
-1.782096e-02 -1 -2
2.801963e-01 4.178564e-01 -2.343243e-01 
2
2
1 10 16 7 0 -1
5 10 8 7 0 2
haar_x4
6.017862e-05 1 0
2
4 2 6 4 0 -1
6 4 2 4 0 3
tilted_haar_x3
1.021836e-01 -1 -2
-5.169443e-02 -7.099527e-01 6.552640e-01 
2
2
12 1 6 9 0 -1
14 4 2 3 0 9
haar_point
8.197014e-02 0 1
2
13 0 5 6 0 -1
11 2 5 2 0 3
tilted_haar_x3
-6.159223e-02 -1 -2
-2.540568e-01 4.523962e-01 -2.162945e-01 
2
2
8 8 8 1 0 -1
10 10 4 1 0 2
tilted_haar_x4
6.284246e-05 1 0
2
2 14 1 2 0 -1
2 15 1 1 0 2
haar_y2
-5.287566e-05 -1 -2
3.116664e-01 3.069535e-01 -6.296228e-01 
2
2
12 1 6 9 0 -1
14 4 2 3 0 9
haar_point
-2.191438e-02 0 1
2
13 0 5 6 0 -1
11 2 5 2 0 3
tilted_haar_x3
-6.963551e-03 -1 -2
1.395433e-01 1.033312e-01 -3.011363e-01 
2
2
8 9 2 4 0 -1
8 10 2 2 0 2
haar_y4
5.789202e-05 1 0
2
8 9 2 4 0 -1
8 10 2 2 0 2
haar_y4
-1.162973e-04 -1 -2
2.123456e-01 -9.803759e-02 -9.072602e-01 
2
2
10 8 8 6 0 -1
10 8 4 6 0 2
haar_x2
1.520059e-04 1 0
2
6 4 12 3 0 -1
9 4 6 3 0 2
haar_x4
2.732868e-02 -1 -2
3.958026e-02 -3.282861e-01 3.028305e-01 
2
2
0 8 8 6 0 -1
4 8 4 6 0 2
haar_x2
4.186583e-04 1 0
2
0 4 12 3 0 -1
3 4 6 3 0 2
haar_x4
5.228490e-02 -1 -2
7.371328e-02 -4.985256e-01 8.498330e-01 
2
2
12 1 6 9 0 -1
14 4 2 3 0 9
haar_point
4.612938e-02 0 1
2
17 4 1 4 0 -1
17 4 1 2 0 2
tilted_haar_x2
-3.926871e-04 -1 -2
-3.484156e-01 7.775789e-02 -3.868037e-01 
2
2
0 1 6 9 0 -1
2 4 2 3 0 9
haar_point
-3.759238e-05 0 1
2
2 3 2 2 0 -1
2 4 2 1 0 2
haar_y2
7.288413e-05 -1 -2
4.676191e-01 -7.560337e-01 2.219103e-01 
2
2
8 16 2 2 0 -1
8 17 2 1 0 2
haar_y2
-5.401246e-05 0 1
2
8 16 2 2 0 -1
8 17 2 1 0 2
haar_y2
-5.401246e-05 -1 -2
2.012919e-01 2.012919e-01 -5.168872e-01 
2
3
2 18 8 4 0 -1
2 18 4 2 0 2
6 20 4 2 0 2
haar_x2_y2
-8.116771e-03 0 1
2
1 19 3 3 0 -1
2 20 1 1 0 9
haar_point
-6.439140e-04 -1 -2
4.621942e-01 9.676199e-02 -5.672657e-01 
2
2
16 15 2 3 0 -1
16 15 1 3 0 2
tilted_haar_y2
1.837768e-04 0 1
2
1 2 16 4 0 -1
1 4 16 2 0 2
haar_y2
5.294522e-03 -1 -2
-1.580688e-01 -2.545319e-01 2.306511e-01 
2
2
2 15 3 2 0 -1
2 15 3 1 0 2
tilted_haar_y2
-1.398042e-02 0 1
2
9 13 1 2 0 -1
9 13 1 1 0 2
tilted_haar_y2
2.449969e-05 -1 -2
7.291326e-01 -4.542194e-01 1.676461e-01 
2
2
7 8 4 2 0 -1
8 8 2 2 0 2
haar_x4
-1.915284e-03 0 1
2
5 7 8 4 0 -1
7 7 4 4 0 2
haar_x4
-1.099957e-02 -1 -2
4.119422e-01 4.418473e-01 -2.035159e-01 
2
2
9 6 5 4 0 -1
8 7 5 2 0 2
tilted_haar_y4
1.762493e-02 1 0
3
0 1 6 12 0 -1
0 1 3 6 0 2
3 7 3 6 0 2
haar_x2_y2
6.611475e-02 -1 -2
4.784777e-01 -3.283556e-01 4.042833e-01 
2
2
10 15 1 2 0 -1
10 16 1 1 0 2
haar_y2
-4.855436e-05 0 1
2
10 15 1 2 0 -1
10 16 1 1 0 2
haar_y2
-4.855436e-05 -1 -2
1.104311e-01 1.104311e-01 -4.125564e-01 
2
2
1 4 12 7 0 -1
7 4 6 7 0 2
haar_x2
3.427534e-02 1 0
2
2 3 4 2 0 -1
2 3 2 2 0 2
tilted_haar_x2
-2.360503e-02 -1 -2
2.524896e-01 6.422322e-01 -4.370184e-01 
2
2
10 15 1 2 0 -1
10 16 1 1 0 2
haar_y2
4.927978e-05 0 1
2
10 15 1 2 0 -1
10 16 1 1 0 2
haar_y2
4.927978e-05 -1 -2
-3.307113e-01 -3.307113e-01 3.495126e-01 
2
2
3 13 12 8 0 -1
3 17 12 4 0 2
haar_y2
-2.670180e-03 0 1
2
4 12 10 1 0 -1
9 12 5 1 0 2
haar_x2
5.675389e-03 -1 -2
1.818734e-01 -9.067720e-01 2.826273e-01 
2
2
6 11 12 1 0 -1
6 11 6 1 0 2
haar_x2
2.960620e-05 1 0
2
11 4 1 8 0 -1
11 4 1 4 0 2
tilted_haar_x2
9.657521e-05 -1 -2
3.979626e-02 -4.419540e-01 8.050067e-03 
2
2
0 11 12 1 0 -1
6 11 6 1 0 2
haar_x2
2.674976e-05 1 0
2
7 4 8 1 0 -1
7 4 4 1 0 2
tilted_haar_x2
5.280366e-03 -1 -2
5.159017e-02 -7.492672e-01 4.160974e-01 
2
2
5 6 10 8 0 -1
5 10 10 4 0 2
haar_y2
9.152208e-03 1 0
3
4 5 10 6 0 -1
9 5 5 3 0 2
4 8 5 3 0 2
haar_x2_y2
-2.590548e-02 -1 -2
8.569305e-02 2.905731e-01 -4.178380e-01 
2
2
6 13 1 8 0 -1
6 17 1 4 0 2
haar_y2
-5.035461e-05 0 1
2
2 9 5 12 0 -1
2 13 5 4 0 3
haar_y3
-9.007568e-05 -1 -2
8.780073e-02 4.383068e-03 -9.307280e-01 
2
2
10 1 8 3 0 -1
10 1 4 3 0 2
haar_x2
-2.890415e-02 0 1
2
0 0 18 8 0 -1
0 4 18 4 0 2
haar_y2
1.745872e-02 -1 -2
4.151491e-01 -2.857413e-01 1.044358e-01 
2
2
0 1 9 9 0 -1
3 4 3 3 0 9
haar_point
-1.321036e-03 0 1
3
2 0 6 12 0 -1
2 0 3 6 0 2
5 6 3 6 0 2
haar_x2_y2
-1.990944e-02 -1 -2
1.070876e-01 3.219260e-01 -6.990957e-01 
2
3
13 17 4 4 0 -1
15 17 2 2 0 2
13 19 2 2 0 2
haar_x2_y2
2.286705e-03 0 1
2
7 1 11 21 0 -1
7 8 11 7 0 3
haar_y3
-2.170701e-02 -1 -2
-1.705215e-01 2.947744e-01 -1.187010e-01 
2
2
3 4 9 8 0 -1
3 6 9 4 0 2
haar_y4
-9.775542e-04 0 1
2
3 0 9 6 0 -1
6 2 3 2 0 9
haar_point
-1.272911e-02 -1 -2
3.283184e-01 2.651732e-01 -6.069492e-01 
-2.231721e+00

3
-1
