3
4
2
2 3 3 3 0 -1
2 4 3 1 0 3
haar_y3
2.409882e-03 3 1
3
16 7 2 4 0 -1
16 7 1 2 0 2
17 9 1 2 0 2
haar_x2_y2
-1.577254e-04 2 0
3
15 5 2 6 0 -1
15 5 1 3 0 2
16 8 1 3 0 2
haar_x2_y2
5.155132e-04 -1 -2
2
10 0 6 12 0 -1
12 4 2 4 0 9
haar_point
-2.852477e-01 -3 -4
-5.549841e-01 8.158016e-01 -4.596373e-01 4.525713e-01 -6.557006e-01 
4
2
6 12 6 3 0 -1
6 13 6 1 0 3
haar_y3
-5.100511e-03 1 3
2
16 15 1 4 0 -1
16 16 1 2 0 2
haar_y4
-2.202788e-03 0 2
2
15 15 1 4 0 -1
15 16 1 2 0 2
haar_y4
1.290510e-03 -1 -2
2
13 0 2 5 0 -1
13 0 1 5 0 2
tilted_haar_x2
2.408580e-02 -3 -4
-9.582729e-01 7.430778e-01 -6.637964e-01 -6.926059e-01 2.543983e-01 
4
3
3 6 2 2 0 -1
3 6 1 1 0 2
4 7 1 1 0 2
haar_x2_y2
2.180587e-05 0 1
3
3 1 2 10 0 -1
3 1 1 5 0 2
4 6 1 5 0 2
haar_x2_y2
3.622534e-03 2 -1
2
8 16 1 2 0 -1
8 16 1 1 0 2
tilted_haar_y2
-7.079061e-04 -2 3
3
13 1 4 8 0 -1
13 1 2 4 0 2
15 5 2 4 0 2
haar_x2_y2
-1.217655e-02 -3 -4
-6.389511e-01 -7.450566e-01 -5.583213e-01 -8.474351e-01 8.288677e-01 
-9.596236e-01

11
-1
