87
2
2
1 0 15 2 0 -1
1 1 15 1 0 2
haar_y2
-1.484464e-02 1 0
2
0 0 18 2 0 -1
6 0 6 2 0 3
haar_x3
-4.290103e-02 -1 -2
-2.530691e-01 4.687359e-01 -2.690843e-01 
2
2
9 12 1 6 0 -1
9 12 1 3 0 2
tilted_haar_x2
5.267868e-03 0 1
2
14 17 4 2 0 -1
14 17 2 2 0 2
haar_x2
-1.308388e-02 -1 -2
-2.184425e-01 3.690177e-01 -4.445613e-02 
2
3
0 12 2 4 0 -1
0 12 1 2 0 2
1 14 1 2 0 2
haar_x2_y2
-5.198945e-03 0 1
2
2 5 3 2 0 -1
3 6 1 2 0 3
tilted_haar_x3
-2.377627e-02 -1 -2
3.800041e-01 4.506407e-01 -1.424951e-01 
2
2
9 12 1 6 0 -1
9 12 1 3 0 2
tilted_haar_x2
1.177878e-02 0 1
2
1 8 16 7 0 -1
5 8 8 7 0 2
haar_x4
8.399226e-02 -1 -2
-7.499090e-02 -1.959479e-01 1.574916e-01 
2
2
5 0 8 6 0 -1
5 2 8 2 0 3
haar_y3
4.534596e-02 0 1
2
2 6 14 14 0 -1
2 13 14 7 0 2
haar_y2
1.706171e-02 -1 -2
-9.670351e-02 6.245459e-01 -6.464176e-01 
2
2
10 2 1 2 0 -1
10 3 1 1 0 2
haar_y2
5.129486e-05 0 1
2
9 12 4 6 0 -1
9 12 4 3 0 2
tilted_haar_x2
-3.999630e-02 -1 -2
-1.256511e-01 -3.095320e-01 2.105459e-02 
2
2
7 2 1 2 0 -1
7 3 1 1 0 2
haar_y2
-9.350216e-04 0 1
2
1 21 12 1 0 -1
7 21 6 1 0 2
haar_x2
-1.112900e-02 -1 -2
-3.938853e-01 3.220070e-01 -1.262625e-02 
2
2
9 12 1 6 0 -1
9 12 1 3 0 2
tilted_haar_x2
-2.320660e-02 0 1
2
3 7 13 14 0 -1
3 14 13 7 0 2
haar_y2
-1.893362e-01 -1 -2
-9.531450e-01 -3.493982e-01 3.886036e-02 
2
2
9 12 6 1 0 -1
9 12 3 1 0 2
tilted_haar_x2
5.005086e-03 0 1
2
9 13 6 1 0 -1
11 15 2 1 0 3
tilted_haar_x3
1.087322e-02 -1 -2
-2.215557e-01 1.675905e-01 -5.321553e-01 
2
3
13 0 2 2 0 -1
14 0 1 1 0 2
13 1 1 1 0 2
haar_x2_y2
-3.568175e-03 0 1
2
11 1 3 6 0 -1
9 3 3 2 0 3
tilted_haar_x3
-6.308014e-02 -1 -2
3.087459e-01 -4.285312e-01 3.531222e-03 
2
2
0 1 2 1 0 -1
1 1 1 1 0 2
haar_x2
-3.988895e-04 0 1
3
0 2 2 6 0 -1
0 2 1 3 0 2
1 5 1 3 0 2
haar_x2_y2
2.001048e-03 -1 -2
-2.351301e-01 -7.897630e-02 3.109521e-01 
2
2
15 0 3 12 0 -1
15 4 3 4 0 3
haar_y3
-1.685025e-01 0 1
2
9 0 9 4 0 -1
9 2 9 2 0 2
haar_y2
-1.862193e-01 -1 -2
-9.409177e-01 -6.809496e-01 1.085753e-02 
2
2
1 13 1 2 0 -1
1 14 1 1 0 2
haar_y2
-8.371031e-04 0 1
2
5 11 6 4 0 -1
7 11 2 4 0 3
haar_x3
3.870319e-02 -1 -2
-3.110976e-01 9.718455e-02 -7.311603e-01 
2
2
9 5 1 6 0 -1
7 7 1 2 0 3
tilted_haar_x3
1.003453e-02 0 1
2
10 4 1 6 0 -1
8 6 1 2 0 3
tilted_haar_x3
9.365580e-03 -1 -2
-4.864803e-02 -4.709592e-02 1.436418e-01 
2
2
8 8 2 6 0 -1
8 10 2 2 0 3
haar_y3
7.626727e-03 1 0
2
5 3 10 5 0 -1
5 3 5 5 0 2
tilted_haar_x2
-1.435042e-01 -1 -2
1.717335e-01 8.570799e-02 -3.058915e-01 
2
2
6 4 6 6 0 -1
8 6 2 2 0 9
haar_point
4.236834e-02 1 0
2
5 6 8 7 0 -1
7 6 4 7 0 2
haar_x4
-1.583127e-02 -1 -2
2.712583e-01 1.789912e-01 -6.675343e-02 
2
3
2 0 4 4 0 -1
2 0 2 2 0 2
4 2 2 2 0 2
haar_x2_y2
-5.492745e-03 0 1
2
1 1 6 2 0 -1
3 1 2 2 0 3
haar_x3
-1.615679e-03 -1 -2
1.659715e-01 -6.457846e-03 -3.857207e-01 
2
2
15 5 1 2 0 -1
15 6 1 1 0 2
haar_y2
-1.880271e-03 0 1
3
13 0 2 2 0 -1
14 0 1 1 0 2
13 1 1 1 0 2
haar_x2_y2
3.542289e-03 -1 -2
1.226608e-01 -4.086990e-02 3.214948e-01 
2
2
2 5 1 2 0 -1
2 6 1 1 0 2
haar_y2
-1.735027e-03 0 1
2
8 2 2 1 0 -1
9 2 1 1 0 2
haar_x2
-1.561642e-03 -1 -2
-4.175735e-01 -4.605678e-01 7.400612e-02 
2
2
8 15 3 4 0 -1
9 15 1 4 0 3
haar_x3
7.699110e-03 0 1
2
15 0 3 12 0 -1
15 4 3 4 0 3
haar_y3
-3.720762e-02 -1 -2
3.008220e-02 1.377077e-01 -5.739735e-02 
2
2
2 14 1 6 0 -1
2 17 1 3 0 2
haar_y2
-1.992098e-03 1 0
2
0 1 18 3 0 -1
9 1 9 3 0 2
haar_x2
9.266403e-02 -1 -2
-1.220187e-01 2.614996e-01 -4.872063e-01 
2
2
15 0 3 12 0 -1
15 4 3 4 0 3
haar_y3
-3.612088e-02 0 1
2
8 15 3 4 0 -1
9 15 1 4 0 3
haar_x3
7.699110e-03 -1 -2
1.241032e-01 3.407358e-02 -5.303652e-01 
2
2
0 0 3 12 0 -1
0 4 3 4 0 3
haar_y3
-1.237386e-01 0 1
2
0 9 4 6 0 -1
0 11 4 2 0 3
haar_y3
-2.600532e-02 -1 -2
-7.232244e-01 -5.421357e-01 2.102439e-02 
2
3
13 0 2 2 0 -1
14 0 1 1 0 2
13 1 1 1 0 2
haar_x2_y2
-7.166265e-03 0 1
2
16 7 1 6 0 -1
16 10 1 3 0 2
haar_y2
-4.847797e-03 -1 -2
3.656736e-01 2.107598e-01 -8.563948e-02 
2
3
3 0 2 2 0 -1
3 0 1 1 0 2
4 1 1 1 0 2
haar_x2_y2
-5.325855e-03 0 1
2
1 7 1 6 0 -1
1 10 1 3 0 2
haar_y2
4.415383e-04 -1 -2
4.213833e-01 5.760712e-02 -2.332837e-01 
2
2
9 2 2 6 0 -1
9 2 2 3 0 2
tilted_haar_x2
4.651479e-02 1 0
2
9 4 1 6 0 -1
7 6 1 2 0 3
tilted_haar_x3
4.081606e-02 -1 -2
2.143614e-01 7.855546e-03 -6.556439e-01 
2
2
0 1 4 4 0 -1
1 1 2 4 0 2
haar_x4
-1.286132e-03 0 1
2
0 7 3 1 0 -1
1 7 1 1 0 3
haar_x3
-5.406916e-03 -1 -2
1.373482e-01 3.236875e-01 -2.107339e-01 
2
2
9 17 2 1 0 -1
9 17 1 1 0 2
tilted_haar_y2
5.738683e-04 1 0
3
6 16 6 4 0 -1
9 16 3 2 0 2
6 18 3 2 0 2
haar_x2_y2
2.652212e-03 -1 -2
9.240080e-02 -5.871361e-02 9.469637e-02 
2
2
9 17 1 2 0 -1
9 17 1 1 0 2
tilted_haar_y2
1.257284e-03 1 0
2
6 17 3 2 0 -1
6 17 3 1 0 2
tilted_haar_y2
6.039556e-03 -1 -2
1.099694e-01 -2.853881e-01 8.106052e-02 
2
2
8 16 3 4 0 -1
9 16 1 4 0 3
haar_x3
1.391117e-02 1 0
2
5 14 8 8 0 -1
5 18 8 4 0 2
haar_y2
-9.817620e-02 -1 -2
-9.512898e-01 -4.889179e-01 3.253349e-02 
2
2
7 16 3 4 0 -1
8 16 1 4 0 3
haar_x3
8.002611e-03 1 0
2
1 0 3 3 0 -1
2 1 1 1 0 9
haar_point
2.698802e-02 -1 -2
-5.908666e-01 1.244325e-03 4.803553e-01 
2
3
4 6 10 6 0 -1
9 6 5 3 0 2
4 9 5 3 0 2
haar_x2_y2
-2.662369e-02 1 0
2
10 6 1 12 0 -1
10 9 1 6 0 2
haar_y4
3.929590e-03 -1 -2
-9.444850e-02 -1.196244e-01 5.085266e-02 
2
2
5 4 2 2 0 -1
5 5 2 1 0 2
haar_y2
-1.615519e-03 0 1
2
0 6 18 12 0 -1
6 6 6 12 0 3
haar_x3
5.143532e-01 -1 -2
-2.941530e-01 1.267112e-01 -9.113083e-01 
2
2
8 6 6 6 0 -1
10 8 2 2 0 9
haar_point
-6.944880e-02 1 0
2
8 7 6 3 0 -1
10 7 2 3 0 3
haar_x3
-7.203765e-03 -1 -2
-5.527963e-02 1.610633e-01 -8.502362e-02 
2
2
8 5 6 1 0 -1
10 7 2 1 0 3
tilted_haar_x3
1.909227e-02 1 0
2
2 9 1 3 0 -1
2 10 1 1 0 3
haar_y3
-1.436883e-03 -1 -2
3.365749e-01 -4.207214e-01 2.916693e-02 
2
2
14 14 3 5 0 -1
15 15 1 5 0 3
tilted_haar_y3
2.005868e-02 0 1
2
12 19 1 2 0 -1
12 19 1 1 0 2
tilted_haar_x2
-8.235687e-04 -1 -2
1.213887e-02 8.901498e-02 -4.212297e-02 
2
2
4 14 5 3 0 -1
3 15 5 1 0 3
tilted_haar_y3
-3.159273e-02 0 1
2
6 19 2 1 0 -1
6 19 1 1 0 2
tilted_haar_x2
2.160880e-05 -1 -2
3.212985e-01 -2.182869e-01 7.377432e-02 
2
2
3 0 12 1 0 -1
6 0 6 1 0 2
haar_x4
2.777050e-02 1 0
2
10 0 7 2 0 -1
10 1 7 1 0 2
haar_y2
-3.175814e-03 -1 -2
6.185131e-01 1.102024e-01 -9.982529e-02 
2
2
9 17 3 1 0 -1
10 18 1 1 0 3
tilted_haar_x3
-1.029395e-03 0 1
2
9 17 2 1 0 -1
9 17 1 1 0 2
tilted_haar_x2
7.129282e-04 -1 -2
-2.129759e-01 -4.951752e-02 2.758728e-01 
2
2
12 17 1 3 0 -1
12 18 1 1 0 3
haar_y3
6.410420e-03 0 1
2
4 15 10 6 0 -1
4 17 10 2 0 3
haar_y3
-3.326288e-03 -1 -2
7.685357e-03 1.096043e-01 -1.492467e-01 
2
2
5 17 1 3 0 -1
5 18 1 1 0 3
haar_y3
-7.453915e-04 0 1
2
4 15 10 6 0 -1
4 17 10 2 0 3
haar_y3
-3.557547e-03 -1 -2
-2.158756e-01 2.235422e-01 -1.101882e-01 
2
2
10 2 4 4 0 -1
9 3 4 2 0 2
tilted_haar_x4
6.211746e-03 1 0
2
11 4 4 2 0 -1
11 5 4 1 0 2
haar_y2
-8.778181e-03 -1 -2
8.157014e-02 2.795053e-01 -1.700287e-02 
2
2
9 5 3 6 0 -1
7 7 3 2 0 3
tilted_haar_y3
3.328074e-02 0 1
2
3 10 7 2 0 -1
3 10 7 1 0 2
tilted_haar_y2
8.959062e-03 -1 -2
-1.060195e-01 4.203788e-01 -2.514714e-01 
2
2
10 14 2 1 0 -1
10 14 1 1 0 2
tilted_haar_y2
-5.721568e-03 0 1
2
5 8 9 4 0 -1
8 8 3 4 0 3
haar_x3
-1.874109e-02 -1 -2
-5.967266e-01 1.106027e-01 -3.131625e-02 
2
2
4 15 8 4 0 -1
8 15 4 4 0 2
haar_x2
4.992729e-02 1 0
2
7 0 9 2 0 -1
10 3 3 2 0 3
tilted_haar_x3
6.892519e-02 -1 -2
3.593137e-01 -1.022689e-01 2.763744e-01 
2
2
14 6 4 1 0 -1
14 6 2 1 0 2
tilted_haar_y2
2.390664e-02 0 1
2
9 6 7 6 0 -1
7 8 7 2 0 3
tilted_haar_x3
1.605719e-01 -1 -2
1.046471e-02 1.355147e-02 -6.576260e-01 
2
2
3 6 1 2 0 -1
3 6 1 1 0 2
tilted_haar_y2
-1.088278e-03 1 0
2
0 4 4 4 0 -1
1 4 2 4 0 2
haar_x4
2.130792e-04 -1 -2
6.726728e-02 -5.032907e-01 1.215482e-01 
2
2
10 0 7 2 0 -1
10 1 7 1 0 2
haar_y2
-9.400544e-04 1 0
3
12 12 6 10 0 -1
15 12 3 5 0 2
12 17 3 5 0 2
haar_x2_y2
-2.096249e-02 -1 -2
-8.683293e-02 1.160596e-01 -8.798018e-02 
2
2
9 6 6 7 0 -1
11 8 2 7 0 3
tilted_haar_x3
6.446379e-02 0 1
2
1 6 6 9 0 -1
3 6 2 9 0 3
haar_x3
2.410614e-02 -1 -2
-5.802916e-02 2.315940e-02 6.401507e-01 
2
2
15 12 1 4 0 -1
14 13 1 2 0 2
tilted_haar_x4
-8.508579e-03 1 0
2
11 2 6 1 0 -1
13 4 2 1 0 3
tilted_haar_y3
5.145675e-02 -1 -2
2.367079e-02 1.057348e-02 -1.000020e+00 
2
2
3 12 4 1 0 -1
4 13 2 1 0 2
tilted_haar_x4
9.366533e-03 1 0
2
7 2 1 6 0 -1
5 4 1 2 0 3
tilted_haar_y3
5.926231e-03 -1 -2
-5.349743e-01 8.847842e-02 -2.223897e-01 
2
2
11 9 2 10 0 -1
11 14 2 5 0 2
haar_y2
2.359053e-02 0 1
2
6 10 6 3 0 -1
8 10 2 3 0 3
haar_x3
-2.517620e-03 -1 -2
1.181360e-02 1.590689e-01 -7.952566e-02 
2
2
5 9 2 10 0 -1
5 14 2 5 0 2
haar_y2
-4.388364e-02 0 1
2
6 10 6 3 0 -1
8 10 2 3 0 3
haar_x3
-2.517620e-03 -1 -2
-7.425046e-01 1.994308e-01 -8.107281e-02 
2
2
9 6 4 4 0 -1
10 7 2 4 0 2
tilted_haar_y4
1.168507e-02 1 0
2
11 11 2 6 0 -1
11 14 2 3 0 2
haar_y2
-1.766076e-02 -1 -2
8.927067e-02 -2.035445e-01 2.503695e-02 
2
2
9 6 4 4 0 -1
8 7 4 2 0 2
tilted_haar_y4
1.241626e-02 1 0
2
5 11 2 6 0 -1
5 14 2 3 0 2
haar_y2
-7.330788e-03 -1 -2
1.718375e-01 8.233965e-02 -2.718697e-01 
2
2
9 5 8 12 0 -1
9 9 8 4 0 3
haar_y3
1.742262e-01 0 1
2
9 3 2 9 0 -1
6 6 2 3 0 3
tilted_haar_x3
1.399820e-01 -1 -2
1.889952e-02 2.461584e-03 -9.999942e-01 
2
2
1 5 8 12 0 -1
1 9 8 4 0 3
haar_y3
-7.029113e-02 0 1
2
9 3 9 2 0 -1
12 6 3 2 0 3
tilted_haar_x3
3.680388e-02 -1 -2
3.662523e-01 -1.623504e-01 1.347778e-01 
2
2
9 6 1 3 0 -1
9 7 1 1 0 3
haar_y3
1.797263e-03 1 0
2
5 0 8 15 0 -1
5 5 8 5 0 3
haar_y3
9.998881e-02 -1 -2
1.524175e-01 4.242626e-02 -2.411746e-01 
2
3
8 6 2 2 0 -1
8 6 1 1 0 2
9 7 1 1 0 2
haar_x2_y2
-9.872772e-04 1 0
2
6 1 6 9 0 -1
8 1 2 9 0 3
haar_x3
-5.132977e-02 -1 -2
-1.222060e-01 -8.468891e-01 2.250966e-01 
2
2
14 5 2 1 0 -1
14 5 1 1 0 2
tilted_haar_y2
-1.103432e-02 1 0
3
16 8 2 14 0 -1
17 8 1 7 0 2
16 15 1 7 0 2
haar_x2_y2
1.915394e-02 -1 -2
9.272442e-03 -4.077628e-02 4.395947e-01 
2
2
4 5 1 2 0 -1
4 5 1 1 0 2
tilted_haar_y2
-5.217857e-04 1 0
3
0 8 2 14 0 -1
0 8 1 7 0 2
1 15 1 7 0 2
haar_x2_y2
-1.391678e-02 -1 -2
7.133676e-02 3.033137e-01 -3.508503e-01 
2
2
9 2 5 3 0 -1
8 3 5 1 0 3
tilted_haar_x3
4.327913e-02 1 0
2
10 17 3 3 0 -1
10 18 3 1 0 3
haar_y3
3.780672e-05 -1 -2
-7.275774e-01 -4.614282e-02 4.697810e-02 
2
2
9 2 3 5 0 -1
10 3 1 5 0 3
tilted_haar_x3
1.860434e-02 0 1
2
9 5 8 4 0 -1
9 5 4 4 0 2
tilted_haar_x2
-7.146569e-02 -1 -2
-5.611868e-02 -7.683212e-01 3.720403e-01 
2
2
8 3 3 3 0 -1
9 4 1 1 0 9
haar_point
1.818448e-02 1 0
2
10 0 7 2 0 -1
10 1 7 1 0 2
haar_y2
-2.799505e-02 -1 -2
-5.514308e-01 -2.056430e-01 2.003461e-02 
2
2
1 0 7 2 0 -1
1 1 7 1 0 2
haar_y2
-2.268946e-03 0 1
3
3 1 6 2 0 -1
3 1 3 1 0 2
6 2 3 1 0 2
haar_x2_y2
-6.363148e-03 -1 -2
1.390357e-01 4.746306e-01 -2.068650e-01 
2
2
17 0 1 2 0 -1
17 1 1 1 0 2
haar_y2
-4.553670e-04 0 1
2
17 1 1 3 0 -1
17 2 1 1 0 3
haar_y3
5.393978e-03 -1 -2
-2.428296e-01 -3.354721e-02 3.187633e-01 
2
3
1 6 14 12 0 -1
1 6 7 6 0 2
8 12 7 6 0 2
haar_x2_y2
-1.294666e-01 0 1
2
5 6 4 4 0 -1
5 7 4 2 0 2
haar_y4
1.879560e-02 -1 -2
-4.501214e-01 1.325975e-01 -6.915938e-01 
2
2
2 2 14 18 0 -1
2 8 14 6 0 3
haar_y3
-1.553017e-01 0 1
2
17 0 1 2 0 -1
17 1 1 1 0 2
haar_y2
2.507338e-04 -1 -2
-6.493427e-01 6.503931e-02 -1.523674e-01 
2
2
0 0 1 2 0 -1
0 1 1 1 0 2
haar_y2
-1.880887e-04 0 1
2
0 1 1 3 0 -1
0 2 1 1 0 3
haar_y3
5.305922e-04 -1 -2
-1.412550e-01 2.465124e-01 -1.344876e-01 
2
2
9 13 2 2 0 -1
9 13 1 2 0 2
tilted_haar_y2
-1.599624e-02 0 1
2
5 8 9 6 0 -1
5 10 9 2 0 3
haar_y3
-2.174296e-02 -1 -2
-8.679353e-01 1.840339e-01 -2.813591e-02 
2
2
7 13 3 4 0 -1
7 15 3 2 0 2
haar_y2
-2.393929e-02 0 1
3
1 2 2 2 0 -1
1 2 1 1 0 2
2 3 1 1 0 2
haar_x2_y2
2.102904e-03 -1 -2
-8.307281e-01 -3.709178e-02 2.810152e-01 
2
2
8 11 2 2 0 -1
8 11 1 2 0 2
haar_x2
-1.580229e-03 1 0
2
9 10 2 4 0 -1
9 10 2 2 0 2
tilted_haar_x2
4.414210e-02 -1 -2
-9.139658e-02 3.162520e-03 -4.190621e-01 
2
2
0 0 1 10 0 -1
0 5 1 5 0 2
haar_y2
-6.180699e-02 0 1
2
2 11 6 4 0 -1
4 11 2 4 0 3
haar_x3
4.872731e-02 -1 -2
-7.978249e-01 9.169348e-02 -8.202266e-01 
2
2
2 19 16 3 0 -1
2 19 8 3 0 2
haar_x2
9.906217e-02 1 0
2
7 9 4 3 0 -1
7 10 4 1 0 3
haar_y3
1.696911e-02 -1 -2
-5.413890e-01 1.213773e-02 -6.276675e-01 
2
2
0 19 16 3 0 -1
8 19 8 3 0 2
haar_x2
9.685667e-02 1 0
2
1 21 16 1 0 -1
5 21 8 1 0 2
haar_x4
1.146257e-02 -1 -2
-5.037795e-01 -2.183790e-02 2.945833e-01 
2
3
8 20 8 2 0 -1
12 20 4 1 0 2
8 21 4 1 0 2
haar_x2_y2
-7.761510e-03 0 1
3
9 20 6 2 0 -1
12 20 3 1 0 2
9 21 3 1 0 2
haar_x2_y2
-4.573779e-03 -1 -2
2.786025e-01 2.218332e-01 -7.182422e-02 
2
2
9 18 3 1 0 -1
10 19 1 1 0 3
tilted_haar_x3
7.949800e-03 1 0
2
0 0 18 3 0 -1
0 1 18 1 0 3
haar_y3
2.274567e-02 -1 -2
-7.678393e-01 -3.857339e-02 3.690300e-01 
2
2
9 0 9 3 0 -1
9 1 9 1 0 3
haar_y3
-1.414704e-02 1 0
2
11 1 3 1 0 -1
12 2 1 1 0 3
tilted_haar_y3
9.991941e-03 -1 -2
-3.885018e-02 2.316846e-02 -5.375645e-01 
2
2
7 1 5 3 0 -1
6 2 5 1 0 3
tilted_haar_y3
-1.867826e-02 0 1
2
0 0 9 3 0 -1
0 1 9 1 0 3
haar_y3
-9.022869e-03 -1 -2
-4.655754e-01 2.549142e-01 -2.144974e-02 
2
2
4 6 13 6 0 -1
4 9 13 3 0 2
haar_y2
3.176063e-02 0 1
2
9 10 8 2 0 -1
9 10 4 2 0 2
haar_x2
3.883544e-03 -1 -2
-8.033711e-02 -1.099269e-01 5.144633e-02 
2
2
9 13 6 1 0 -1
9 13 3 1 0 2
tilted_haar_x2
2.440448e-02 1 0
2
4 13 3 6 0 -1
5 13 1 6 0 3
haar_x3
-1.165197e-02 -1 -2
-5.894654e-01 -4.929493e-01 8.741447e-02 
2
3
8 20 8 2 0 -1
12 20 4 1 0 2
8 21 4 1 0 2
haar_x2_y2
5.707560e-03 0 1
3
6 20 12 2 0 -1
12 20 6 1 0 2
6 21 6 1 0 2
haar_x2_y2
6.472059e-03 -1 -2
-5.874593e-02 -6.443954e-02 1.949864e-01 
2
3
2 20 8 2 0 -1
2 20 4 1 0 2
6 21 4 1 0 2
haar_x2_y2
-4.629124e-03 1 0
2
5 0 6 5 0 -1
7 2 2 5 0 3
tilted_haar_x3
-6.165583e-02 -1 -2
-8.070935e-02 5.129548e-01 6.865829e-02 
2
2
13 1 2 1 0 -1
13 1 1 1 0 2
tilted_haar_y2
2.696712e-03 0 1
2
4 0 14 6 0 -1
4 2 14 2 0 3
haar_y3
3.396815e-02 -1 -2
4.987672e-02 -3.496008e-02 1.927047e-01 
2
2
5 1 1 2 0 -1
5 1 1 1 0 2
tilted_haar_y2
-2.124209e-03 0 1
2
0 0 14 6 0 -1
0 2 14 2 0 3
haar_y3
2.845556e-02 -1 -2
-3.217628e-01 -3.521936e-02 3.207617e-01 
2
2
15 8 3 4 0 -1
15 9 3 2 0 2
haar_y4
-1.903373e-02 1 0
2
11 8 6 6 0 -1
9 10 6 2 0 3
tilted_haar_x3
-1.004232e-01 -1 -2
1.352842e-02 -6.882494e-01 9.029585e-03 
2
2
0 8 3 4 0 -1
0 9 3 2 0 2
haar_y4
8.614102e-03 1 0
2
7 8 6 6 0 -1
9 10 2 6 0 3
tilted_haar_x3
-3.577146e-02 -1 -2
-5.547841e-01 4.100976e-01 -2.502411e-02 
-1.632597e+00

15
-1
