3
2
2
3 2 12 5 0 -1
7 2 4 5 0 3
haar_x3
4.449062e-02 0 1
2
2 5 14 6 0 -1
2 8 14 3 0 2
haar_y2
3.598975e-02 -1 -2
-8.724176e-01 -8.517212e-01 9.280244e-01 
2
2
6 16 6 4 0 -1
6 17 6 2 0 2
haar_y4
-7.665666e-03 1 0
2
10 0 8 4 0 -1
12 2 4 4 0 2
tilted_haar_y4
-5.422186e-03 -1 -2
-7.776203e-01 4.256202e-01 -7.611528e-01 
2
2
8 0 4 8 0 -1
6 2 4 4 0 2
tilted_haar_y4
-1.954738e-02 1 0
2
1 13 16 2 0 -1
5 13 8 2 0 2
haar_x4
-5.148347e-03 -1 -2
-8.665628e-01 8.822606e-01 -4.778328e-01 
-2.479437e+00

-1
-1
