8
2
3
0 0 10 8 0 -1
0 0 5 4 0 2
5 4 5 4 0 2
haar_x2_y2
2.968470e-02 1 0
2
8 6 4 6 0 -1
8 6 2 6 0 2
tilted_haar_x2
-2.374665e-02 -1 -2
7.373418e-01 2.135954e-01 -8.641441e-01 
2
3
10 12 8 10 0 -1
14 12 4 5 0 2
10 17 4 5 0 2
haar_x2_y2
-2.265807e-02 0 1
2
10 4 6 8 0 -1
12 6 2 8 0 3
tilted_haar_y3
5.260706e-02 -1 -2
5.466798e-01 -2.415958e-01 5.788037e-01 
2
2
3 0 12 4 0 -1
3 1 12 2 0 2
haar_y4
-8.613149e-03 0 1
2
3 14 5 3 0 -1
2 15 5 1 0 3
tilted_haar_y3
-2.136808e-02 -1 -2
4.488284e-01 5.505657e-01 -7.091561e-01 
2
2
6 11 12 4 0 -1
6 11 6 4 0 2
haar_x2
1.156696e-01 0 1
2
4 7 10 12 0 -1
4 11 10 4 0 3
haar_y3
5.108982e-02 -1 -2
-4.757917e-02 -5.041138e-01 3.937109e-01 
2
2
0 11 12 4 0 -1
6 11 6 4 0 2
haar_x2
7.304878e-03 0 1
2
4 7 10 12 0 -1
4 11 10 4 0 3
haar_y3
4.843167e-02 -1 -2
-6.805223e-01 -1.965255e-01 6.841768e-01 
2
2
8 9 2 4 0 -1
8 10 2 2 0 2
haar_y4
2.482834e-03 1 0
2
6 10 8 1 0 -1
8 10 4 1 0 2
haar_x4
3.057218e-03 -1 -2
5.828984e-01 -1.691087e-01 3.185739e-01 
2
2
7 0 6 6 0 -1
9 2 2 6 0 3
tilted_haar_x3
8.026509e-02 1 0
3
0 1 6 12 0 -1
0 1 3 6 0 2
3 7 3 6 0 2
haar_x2_y2
5.722003e-02 -1 -2
7.400832e-01 -5.324669e-01 3.996317e-01 
2
3
5 9 8 4 0 -1
9 9 4 2 0 2
5 11 4 2 0 2
haar_x2_y2
-7.952012e-03 1 0
2
10 6 3 4 0 -1
11 7 1 4 0 3
tilted_haar_y3
-5.957349e-03 -1 -2
-2.426904e-01 4.075866e-01 -1.937279e-01 
-2.352990e+00

0
-1
