3
4
2
12 6 3 1 0 -1
13 6 1 1 0 3
haar_x3
-4.015877e-03 3 1
2
1 9 12 9 0 -1
7 9 6 9 0 2
haar_x2
-2.529118e-01 2 0
2
1 5 9 2 0 -1
4 5 3 2 0 3
haar_x3
-2.422707e-02 -1 -2
2
15 3 1 6 0 -1
15 5 1 2 0 3
haar_y3
-9.866826e-04 -3 -4
-6.535197e-01 9.306834e-01 -9.252748e-01 7.077994e-01 -6.982309e-01 
4
2
0 0 3 18 0 -1
1 0 1 18 0 3
haar_x3
-6.417105e-02 0 1
2
4 0 3 3 0 -1
4 1 3 1 0 3
haar_y3
1.596422e-02 2 -1
2
4 1 14 1 0 -1
4 1 7 1 0 2
tilted_haar_x2
-9.219354e-02 -2 3
2
5 17 2 3 0 -1
5 18 2 1 0 3
haar_y3
-8.867556e-03 -3 -4
7.504826e-01 7.244867e-01 5.635751e-01 1.012906e-01 -8.026532e-01 
4
2
7 16 4 2 0 -1
7 17 4 1 0 2
haar_y2
-2.783657e-03 1 0
2
1 12 3 6 0 -1
1 14 3 2 0 3
haar_y3
8.135896e-03 2 -1
2
1 13 2 4 0 -1
1 14 2 2 0 2
haar_y4
-3.670576e-03 -2 3
2
2 1 15 9 0 -1
7 1 5 9 0 3
haar_x3
1.188640e-02 -3 -4
-5.851738e-01 -8.660654e-01 -9.206427e-01 -7.995672e-01 7.631520e-01 
-8.944210e-01

9
-1
