6
2
2
3 4 3 3 0 -1
4 5 1 1 0 9
haar_point
-1.243929e-02 0 1
2
1 0 12 2 0 -1
1 1 12 1 0 2
haar_y2
-3.133870e-02 -1 -2
5.155561e-01 5.793998e-01 -5.810496e-01 
2
2
10 0 5 3 0 -1
10 1 5 1 0 3
haar_y3
2.170969e-02 1 0
2
1 9 12 8 0 -1
7 9 6 8 0 2
haar_x2
-2.129609e-01 -1 -2
7.232127e-01 5.557297e-01 -5.740162e-01 
2
2
7 2 2 15 0 -1
8 2 1 15 0 2
haar_x2
2.384471e-03 0 1
2
4 6 1 4 0 -1
4 7 1 2 0 2
haar_y4
-2.420398e-04 -1 -2
-6.805814e-01 -6.599898e-01 5.379742e-01 
2
2
0 3 2 1 0 -1
1 3 1 1 0 2
haar_x2
-3.462458e-03 0 1
2
0 8 2 8 0 -1
1 8 1 8 0 2
haar_x2
2.493275e-02 -1 -2
5.389058e-01 -6.388396e-01 6.465582e-01 
2
2
6 12 7 3 0 -1
6 13 7 1 0 3
haar_y3
-8.264791e-03 1 0
2
1 11 13 8 0 -1
1 15 13 4 0 2
haar_y2
2.496944e-02 -1 -2
-4.441342e-01 6.080022e-01 -9.472528e-01 
2
2
8 4 2 9 0 -1
9 4 1 9 0 2
haar_x2
2.797597e-02 1 0
2
15 1 1 12 0 -1
15 1 1 6 0 2
tilted_haar_y2
-7.086541e-02 -1 -2
6.896439e-01 5.579427e-01 -6.264735e-01 
-1.363212e+00

9
-1
