5
2
2
3 0 2 2 0 -1
3 0 1 2 0 2
tilted_haar_x2
2.131550e-02 1 0
2
0 2 2 12 0 -1
1 2 1 12 0 2
haar_x2
-5.048224e-02 -1 -2
6.637446e-01 4.042563e-01 -7.222684e-01 
2
2
6 19 12 1 0 -1
9 19 6 1 0 2
haar_x4
-4.471876e-03 1 0
2
1 14 2 6 0 -1
2 14 1 6 0 2
haar_x2
-2.822302e-03 -1 -2
-7.378811e-01 6.798146e-01 -4.344233e-01 
2
2
14 17 2 1 0 -1
14 17 1 1 0 2
tilted_haar_x2
3.286212e-05 0 1
2
1 2 10 13 0 -1
6 2 5 13 0 2
haar_x2
5.448226e-02 -1 -2
-7.910143e-01 -8.077452e-01 5.632703e-01 
2
2
10 0 8 1 0 -1
14 0 4 1 0 2
haar_x2
1.765557e-02 1 0
2
8 0 6 8 0 -1
8 2 6 4 0 2
haar_y4
5.841708e-02 -1 -2
5.210605e-01 -7.404665e-01 5.284657e-01 
2
2
11 10 6 6 0 -1
11 13 6 3 0 2
haar_y2
-1.127723e-02 1 0
2
13 8 4 10 0 -1
13 13 4 5 0 2
haar_y2
-5.445230e-02 -1 -2
-8.632393e-01 -8.893669e-01 4.810456e-01 
-1.384060e+00

4
-1
