4
2
3
0 0 2 6 0 -1
0 0 1 3 0 2
1 3 1 3 0 2
haar_x2_y2
-1.277941e-02 1 0
2
1 2 8 13 0 -1
5 2 4 13 0 2
haar_x2
3.013354e-02 -1 -2
-5.517911e-01 -8.504190e-01 8.536059e-01 
2
2
6 12 2 6 0 -1
4 14 2 2 0 3
tilted_haar_y3
-1.492667e-02 1 0
2
11 0 3 6 0 -1
11 3 3 3 0 2
haar_y2
4.549901e-04 -1 -2
-6.546644e-01 -5.364416e-01 7.270573e-01 
2
2
16 11 2 7 0 -1
17 11 1 7 0 2
haar_x2
7.564662e-03 1 0
2
14 1 4 3 0 -1
16 1 2 3 0 2
haar_x2
2.034703e-02 -1 -2
6.911897e-01 -6.642463e-01 4.281316e-01 
2
2
1 2 10 13 0 -1
6 2 5 13 0 2
haar_x2
1.037104e-01 0 1
2
12 3 5 9 0 -1
12 6 5 3 0 3
haar_y3
-2.695535e-02 -1 -2
-6.523378e-01 7.394715e-01 -5.211104e-01 
-1.466231e+00

3
-1
