5
2
2
3 8 12 7 0 -1
6 8 6 7 0 2
haar_x4
-1.055684e-01 1 0
2
6 8 3 4 0 -1
7 8 1 4 0 3
haar_x3
-3.134719e-03 -1 -2
-7.501533e-01 8.807975e-01 -6.497304e-01 
2
2
9 10 1 3 0 -1
8 11 1 1 0 3
tilted_haar_x3
-7.442450e-05 1 0
2
11 3 6 8 0 -1
11 3 3 8 0 2
tilted_haar_y2
6.932172e-02 -1 -2
-3.907075e-01 -4.928836e-02 3.142779e-01 
2
2
9 10 3 1 0 -1
10 11 1 1 0 3
tilted_haar_x3
8.719029e-03 1 0
2
7 3 8 6 0 -1
7 3 8 3 0 2
tilted_haar_y2
-1.208990e-01 -1 -2
7.170480e-01 6.640905e-01 -6.312208e-01 
2
3
6 0 12 2 0 -1
12 0 6 1 0 2
6 1 6 1 0 2
haar_x2_y2
1.702848e-02 0 1
2
15 7 1 6 0 -1
15 9 1 2 0 3
haar_y3
1.617699e-03 -1 -2
-2.549670e-01 -5.623409e-01 2.948076e-01 
2
2
7 1 2 4 0 -1
7 3 2 2 0 2
haar_y2
-5.813187e-03 1 0
2
6 2 6 14 0 -1
6 9 6 7 0 2
haar_y2
2.932718e-02 -1 -2
-6.133069e-01 7.274618e-01 -8.942794e-01 
-1.935370e+00

14
-1
