9
2
2
0 3 19 8 0 -1
0 7 19 4 0 2
haar_y2
2.221132e-01 0 1
2
2 1 15 6 0 -1
7 1 5 6 0 3
haar_x3
8.239592e-02 -1 -2
-6.862361e-01 -6.510507e-01 8.280705e-01 
2
2
2 0 15 3 0 -1
2 1 15 1 0 3
haar_y3
3.778599e-02 1 0
2
1 0 17 2 0 -1
1 1 17 1 0 2
haar_y2
3.270449e-02 -1 -2
7.447253e-01 -1.955794e-01 7.334633e-01 
2
2
8 1 2 10 0 -1
9 1 1 10 0 2
haar_x2
1.165465e-02 0 1
2
5 7 6 4 0 -1
5 7 3 4 0 2
tilted_haar_x2
1.856677e-02 -1 -2
-6.275124e-01 -7.975577e-01 5.676547e-01 
2
2
0 1 19 6 0 -1
0 3 19 2 0 3
haar_y3
-8.156914e-02 1 0
2
2 2 15 3 0 -1
7 2 5 3 0 3
haar_x3
9.142052e-02 -1 -2
-4.672277e-01 -2.841271e-01 5.025001e-01 
2
2
3 8 9 4 0 -1
3 9 9 2 0 2
haar_y4
4.165845e-03 0 1
2
7 6 3 3 0 -1
7 7 3 1 0 3
haar_y3
-3.264065e-03 -1 -2
-4.610176e-01 -7.865723e-01 5.902138e-01 
2
2
3 0 13 2 0 -1
3 1 13 1 0 2
haar_y2
-3.516693e-02 0 1
2
17 2 2 16 0 -1
17 2 1 16 0 2
haar_x2
8.626735e-03 -1 -2
8.258103e-01 -1.010933e-01 2.602830e-01 
2
3
2 15 4 4 0 -1
2 15 2 2 0 2
4 17 2 2 0 2
haar_x2_y2
4.547064e-03 1 0
2
0 7 2 12 0 -1
1 7 1 12 0 2
haar_x2
2.372197e-02 -1 -2
2.905672e-01 -6.279060e-01 4.677697e-01 
2
2
10 8 3 1 0 -1
11 8 1 1 0 3
haar_x3
-5.763192e-03 1 0
2
9 1 4 3 0 -1
9 1 2 3 0 2
haar_x2
7.874760e-04 -1 -2
-9.137249e-04 -2.731240e-01 9.840520e-02 
2
2
6 8 3 1 0 -1
7 8 1 1 0 3
haar_x3
-4.848291e-05 1 0
2
6 1 4 3 0 -1
8 1 2 3 0 2
haar_x2
5.257897e-03 -1 -2
-7.418852e-01 -4.895653e-01 4.151247e-01 
-1.812402e+00

8
-1
