3
2
2
4 0 11 3 0 -1
4 1 11 1 0 3
haar_y3
2.823596e-02 0 1
2
9 4 4 1 0 -1
10 5 2 1 0 2
tilted_haar_x4
2.500030e-03 -1 -2
-9.952556e-01 -8.095277e-01 7.596123e-01 
2
2
16 7 3 6 0 -1
17 7 1 6 0 3
haar_x3
5.659935e-05 1 0
2
10 0 8 4 0 -1
12 2 4 4 0 2
tilted_haar_y4
2.435434e-02 -1 -2
1.828805e-01 -2.955621e-02 -4.724962e-01 
2
2
0 7 3 6 0 -1
1 7 1 6 0 3
haar_x3
8.288620e-03 1 0
2
9 0 4 8 0 -1
7 2 4 4 0 2
tilted_haar_y4
-1.235415e-01 -1 -2
6.174305e-01 1.152242e-01 -7.563694e-01 
-1.383017e+00

25
-1
