13
2
2
0 3 19 8 0 -1
0 7 19 4 0 2
haar_y2
2.758233e-01 0 1
3
0 5 4 6 0 -1
0 5 2 3 0 2
2 8 2 3 0 2
haar_x2_y2
6.129110e-03 -1 -2
-5.501608e-01 -3.965628e-01 5.742661e-01 
2
2
2 0 15 3 0 -1
2 1 15 1 0 3
haar_y3
5.583105e-02 1 0
2
16 0 3 17 0 -1
17 0 1 17 0 3
haar_x3
-7.086420e-03 -1 -2
5.278105e-01 -6.191580e-01 1.330431e-01 
2
2
9 3 4 1 0 -1
10 4 2 1 0 2
tilted_haar_x4
3.851789e-03 0 1
2
2 10 6 1 0 -1
5 10 3 1 0 2
haar_x2
-1.558156e-03 -1 -2
-6.027968e-01 3.696781e-01 -5.312403e-01 
2
2
9 6 3 3 0 -1
9 7 3 1 0 3
haar_y3
4.753465e-03 1 0
2
6 6 7 3 0 -1
6 7 7 1 0 3
haar_y3
8.586368e-03 -1 -2
-7.047294e-01 1.088260e-01 -7.218770e-01 
2
2
6 6 7 3 0 -1
6 7 7 1 0 3
haar_y3
-1.472621e-03 0 1
2
8 7 2 2 0 -1
8 8 2 1 0 2
haar_y2
5.291708e-05 -1 -2
-7.217843e-01 -4.453012e-01 3.201513e-01 
2
2
2 1 16 3 0 -1
6 1 8 3 0 2
haar_x4
4.049175e-02 0 1
2
13 1 2 6 0 -1
13 3 2 2 0 3
haar_y3
-1.109831e-02 -1 -2
-4.153443e-01 1.716855e-01 -2.918744e-01 
2
3
6 14 2 2 0 -1
6 14 1 1 0 2
7 15 1 1 0 2
haar_x2_y2
4.963122e-05 1 0
2
5 12 9 4 0 -1
5 13 9 2 0 2
haar_y4
2.512952e-02 -1 -2
4.030395e-01 -5.237542e-01 7.781659e-01 
2
2
16 15 1 3 0 -1
16 16 1 1 0 3
haar_y3
3.552062e-03 0 1
2
3 15 14 3 0 -1
3 16 14 1 0 3
haar_y3
-1.899475e-02 -1 -2
4.857978e-02 4.490884e-01 -1.744286e-01 
2
2
2 15 1 3 0 -1
2 16 1 1 0 3
haar_y3
-1.461319e-03 0 1
2
2 15 14 3 0 -1
2 16 14 1 0 3
haar_y3
-1.705768e-02 -1 -2
-7.863195e-01 6.317000e-01 -1.368116e-01 
2
2
13 1 2 6 0 -1
13 3 2 2 0 3
haar_y3
-2.807522e-02 1 0
2
18 1 1 8 0 -1
18 3 1 4 0 2
haar_y4
-3.519881e-03 -1 -2
-6.172734e-02 1.147581e-01 -2.699702e-01 
2
2
4 1 7 18 0 -1
4 10 7 9 0 2
haar_y2
5.126617e-02 1 0
2
8 17 3 1 0 -1
9 17 1 1 0 3
haar_x3
-1.443956e-03 -1 -2
-6.157714e-01 -8.987094e-01 2.808703e-01 
2
2
15 2 1 4 0 -1
14 3 1 2 0 2
tilted_haar_x4
2.072306e-02 1 0
2
12 6 2 1 0 -1
12 6 1 1 0 2
tilted_haar_y2
4.853679e-04 -1 -2
9.503402e-01 -3.608548e-01 3.049291e-01 
2
2
5 11 1 2 0 -1
5 11 1 1 0 2
tilted_haar_y2
4.877334e-03 1 0
2
9 1 9 1 0 -1
12 4 3 1 0 3
tilted_haar_x3
-1.105929e-02 -1 -2
-7.908441e-01 3.453646e-01 -3.623419e-01 
-1.686954e+00

24
-1
