5
2
2
1 1 16 4 0 -1
1 2 16 2 0 2
haar_y4
-1.387949e-02 1 0
2
1 2 16 9 0 -1
1 5 16 3 0 3
haar_y3
-2.654811e-02 -1 -2
-5.131806e-01 7.674041e-01 -7.630641e-01 
2
2
7 10 4 4 0 -1
7 11 4 2 0 2
haar_y4
3.952655e-03 0 1
2
10 8 1 4 0 -1
10 10 1 2 0 2
haar_y2
-2.927690e-03 -1 -2
-5.400332e-01 -6.758149e-01 1.459291e-01 
2
2
8 16 1 2 0 -1
8 16 1 1 0 2
tilted_haar_y2
2.340532e-05 0 1
2
1 11 2 8 0 -1
1 13 2 4 0 2
haar_y4
6.815853e-03 -1 -2
-6.068879e-01 6.737447e-01 -8.694251e-01 
2
2
14 4 1 3 0 -1
14 5 1 1 0 3
haar_y3
-3.892722e-04 1 0
2
15 6 2 2 0 -1
15 6 1 2 0 2
haar_x2
1.591949e-03 -1 -2
-4.052864e-01 1.546996e-01 -6.368930e-01 
2
2
5 10 4 2 0 -1
5 10 4 1 0 2
tilted_haar_y2
1.423897e-03 1 0
2
4 4 1 3 0 -1
3 5 1 1 0 3
tilted_haar_y3
-2.463035e-05 -1 -2
-9.102831e-01 6.006704e-01 -7.522151e-01 
-1.571655e+00

5
-1
