5
2
2
4 1 6 7 0 -1
7 1 3 7 0 2
haar_x2
1.727241e-02 0 1
2
1 6 3 2 0 -1
2 6 1 2 0 3
haar_x3
-2.215549e-05 -1 -2
-8.825054e-01 6.582312e-01 -7.049232e-01 
2
2
15 1 3 4 0 -1
16 1 1 4 0 3
haar_x3
-6.527010e-04 0 1
2
16 6 2 10 0 -1
16 6 1 10 0 2
haar_x2
5.993282e-03 -1 -2
2.373132e-01 -2.624518e-01 3.051440e-01 
2
2
0 0 3 5 0 -1
1 0 1 5 0 3
haar_x3
-1.112836e-02 0 1
2
0 6 2 9 0 -1
1 6 1 9 0 2
haar_x2
2.362954e-02 -1 -2
6.455421e-01 -7.722677e-01 7.886908e-01 
2
2
7 4 6 10 0 -1
9 4 2 10 0 3
haar_x3
7.811553e-02 0 1
2
6 9 10 6 0 -1
6 9 5 6 0 2
haar_x2
-1.068261e-01 -1 -2
-3.915630e-01 6.958624e-01 -4.181415e-01 
2
2
2 8 10 7 0 -1
7 8 5 7 0 2
haar_x2
-9.477049e-02 0 1
2
5 3 6 12 0 -1
7 3 2 12 0 3
haar_x3
-8.522733e-02 -1 -2
7.799324e-01 8.707201e-01 -8.306527e-01 
-1.464646e+00

2
-1
