19
2
2
0 2 19 15 0 -1
0 7 19 5 0 3
haar_y3
6.407067e-01 0 1
3
3 1 10 14 0 -1
3 1 5 7 0 2
8 8 5 7 0 2
haar_x2_y2
-7.693796e-02 -1 -2
-3.504852e-01 7.626379e-01 -1.464640e-01 
2
2
9 3 2 2 0 -1
9 3 1 2 0 2
haar_x2
-1.102908e-03 0 1
2
9 9 2 2 0 -1
9 9 1 2 0 2
haar_x2
-3.600084e-03 -1 -2
2.161325e-01 3.858672e-01 -3.326290e-02 
2
2
8 3 6 1 0 -1
10 5 2 1 0 3
tilted_haar_x3
8.664720e-03 0 1
2
7 6 5 3 0 -1
7 7 5 1 0 3
haar_y3
7.099958e-03 -1 -2
-6.566942e-01 2.237837e-01 -9.108070e-01 
2
2
1 0 18 3 0 -1
7 1 6 1 0 9
haar_point
1.843274e-01 1 0
2
17 0 2 18 0 -1
17 0 1 18 0 2
haar_x2
3.964450e-02 -1 -2
3.214890e-01 -7.227687e-02 -6.789293e-01 
2
2
2 14 14 2 0 -1
2 15 14 1 0 2
haar_y2
-1.075565e-02 0 1
3
4 14 8 2 0 -1
4 14 4 1 0 2
8 15 4 1 0 2
haar_x2_y2
4.257765e-03 -1 -2
3.665244e-01 -5.772992e-01 5.205345e-02 
2
3
1 2 18 14 0 -1
10 2 9 7 0 2
1 9 9 7 0 2
haar_x2_y2
1.193800e-01 0 1
3
1 6 18 12 0 -1
10 6 9 6 0 2
1 12 9 6 0 2
haar_x2_y2
7.776912e-02 -1 -2
1.005903e-01 9.757577e-02 -6.243066e-01 
2
3
8 7 2 12 0 -1
8 7 1 6 0 2
9 13 1 6 0 2
haar_x2_y2
-2.312361e-03 1 0
2
7 14 3 1 0 -1
8 14 1 1 0 3
haar_x3
1.941625e-03 -1 -2
-5.352844e-01 2.254462e-01 -8.931832e-01 
2
2
11 3 6 3 0 -1
13 3 2 3 0 3
haar_x3
-7.880035e-03 1 0
2
16 6 2 2 0 -1
16 6 2 1 0 2
tilted_haar_x2
-4.730611e-03 -1 -2
-1.735568e-01 9.547482e-02 -1.534680e-01 
2
2
2 3 6 3 0 -1
4 3 2 3 0 3
haar_x3
-6.108278e-03 1 0
2
3 6 2 2 0 -1
3 6 1 2 0 2
tilted_haar_x2
-1.179719e-04 -1 -2
-3.203306e-01 4.926638e-01 -4.653715e-01 
2
2
10 2 3 10 0 -1
11 3 1 10 0 3
tilted_haar_y3
6.183060e-03 1 0
2
14 13 5 6 0 -1
14 15 5 2 0 3
haar_y3
-6.656619e-03 -1 -2
7.745802e-02 1.793875e-01 -1.707602e-01 
2
2
9 2 10 3 0 -1
8 3 10 1 0 3
tilted_haar_y3
-4.115704e-03 1 0
2
0 13 5 6 0 -1
0 15 5 2 0 3
haar_y3
-2.748157e-02 -1 -2
-3.323990e-01 -6.016789e-01 4.710926e-01 
2
2
10 5 1 3 0 -1
10 6 1 1 0 3
haar_y3
1.829294e-03 1 0
2
8 16 3 3 0 -1
9 16 1 3 0 3
haar_x3
-2.138672e-03 -1 -2
-6.505782e-01 -7.741312e-01 1.188702e-01 
2
2
8 5 1 3 0 -1
8 6 1 1 0 3
haar_y3
1.166616e-03 1 0
2
8 13 3 1 0 -1
9 13 1 1 0 3
haar_x3
-1.255675e-03 -1 -2
-7.811774e-01 -6.133807e-01 2.547780e-01 
2
3
1 0 18 2 0 -1
10 0 9 1 0 2
1 1 9 1 0 2
haar_x2_y2
-2.108872e-02 1 0
2
2 0 16 2 0 -1
2 1 16 1 0 2
haar_y2
-6.279558e-02 -1 -2
-1.640023e-01 7.708243e-01 -1.236638e-01 
2
2
7 11 5 4 0 -1
7 12 5 2 0 2
haar_y4
-1.362241e-02 0 1
2
7 5 4 4 0 -1
8 5 2 4 0 2
haar_x4
-9.646896e-03 -1 -2
4.814747e-01 7.562826e-01 -2.561185e-01 
2
2
14 10 2 1 0 -1
14 10 1 1 0 2
tilted_haar_y2
-1.223580e-04 1 0
2
17 10 1 2 0 -1
17 11 1 1 0 2
haar_y2
-9.625316e-05 -1 -2
-1.805760e-01 1.445571e-01 -3.343510e-01 
2
2
5 10 1 2 0 -1
5 10 1 1 0 2
tilted_haar_y2
4.697850e-03 1 0
2
8 12 3 6 0 -1
9 12 1 6 0 3
haar_x3
1.089769e-02 -1 -2
-6.930911e-01 3.399397e-01 -9.435092e-01 
2
3
13 1 6 2 0 -1
16 1 3 1 0 2
13 2 3 1 0 2
haar_x2_y2
-1.801754e-03 0 1
2
16 0 3 7 0 -1
17 0 1 7 0 3
haar_x3
-5.673380e-03 -1 -2
2.683987e-01 -3.706400e-01 3.668455e-02 
2
2
3 4 13 12 0 -1
3 7 13 6 0 2
haar_y4
3.453642e-01 1 0
2
0 1 3 4 0 -1
1 1 1 4 0 3
haar_x3
-1.035525e-02 -1 -2
8.114795e-01 4.475068e-01 -4.046598e-01 
-1.537155e+00

45
-1
