4
2
2
3 4 3 3 0 -1
4 5 1 1 0 9
haar_point
-1.182342e-02 0 1
2
1 9 16 8 0 -1
9 9 8 8 0 2
haar_x2
3.649075e-01 -1 -2
5.920192e-01 -6.242766e-01 8.441008e-01 
2
2
1 1 16 2 0 -1
5 1 8 2 0 2
haar_x4
3.208083e-02 1 0
2
1 7 16 10 0 -1
1 7 8 10 0 2
haar_x2
3.638461e-01 -1 -2
5.365419e-01 -3.008765e-01 7.236393e-01 
2
2
0 1 3 19 0 -1
1 1 1 19 0 3
haar_x3
-6.024259e-02 0 1
2
2 0 9 3 0 -1
2 1 9 1 0 3
haar_y3
2.864907e-02 -1 -2
6.580163e-01 -7.340910e-01 5.733207e-01 
2
2
5 17 8 3 0 -1
5 18 8 1 0 3
haar_y3
-1.252696e-02 1 0
2
15 16 1 4 0 -1
15 17 1 2 0 2
haar_y4
-1.389663e-03 -1 -2
-5.367416e-01 -8.308474e-01 1.314196e-01 
-1.358567e+00

6
-1
