7
2
2
7 12 5 3 0 -1
7 13 5 1 0 3
haar_y3
-6.603608e-03 1 0
2
10 6 3 4 0 -1
11 7 1 4 0 3
tilted_haar_x3
4.661997e-03 -1 -2
-4.705758e-01 6.411793e-01 -7.758908e-01 
2
3
2 1 6 4 0 -1
2 1 3 2 0 2
5 3 3 2 0 2
haar_x2_y2
-3.543063e-03 1 0
2
6 2 5 6 0 -1
4 4 5 2 0 3
tilted_haar_y3
-9.302249e-03 -1 -2
-5.014933e-01 5.739713e-01 -6.183671e-01 
2
2
4 5 1 6 0 -1
4 7 1 2 0 3
haar_y3
-1.142559e-03 0 1
2
4 0 1 15 0 -1
4 5 1 5 0 3
haar_y3
-1.313908e-03 -1 -2
-7.681850e-01 4.734491e-01 -6.807274e-01 
2
2
16 12 1 4 0 -1
16 14 1 2 0 2
haar_y2
4.013044e-04 1 0
2
15 13 3 4 0 -1
15 14 3 2 0 2
haar_y4
-3.199462e-03 -1 -2
-8.459023e-01 -7.335590e-01 3.930390e-01 
2
2
17 3 1 8 0 -1
17 3 1 4 0 2
tilted_haar_y2
-1.940677e-03 1 0
2
1 11 1 4 0 -1
1 13 1 2 0 2
haar_y2
8.060025e-04 -1 -2
-8.569109e-01 3.435379e-01 -7.396746e-01 
2
2
7 17 9 3 0 -1
10 18 3 1 0 9
haar_point
-1.202297e-02 1 0
2
10 13 1 4 0 -1
10 15 1 2 0 2
haar_y2
7.052916e-05 -1 -2
-6.215813e-01 -4.748580e-01 5.079358e-01 
2
2
0 3 2 15 0 -1
1 3 1 15 0 2
haar_x2
-4.176497e-02 0 1
2
0 8 2 11 0 -1
1 8 1 11 0 2
haar_x2
3.739524e-02 -1 -2
6.309564e-01 -5.474615e-01 7.881163e-01 
-2.156194e+00

11
-1
