7
2
2
1 5 16 4 0 -1
1 7 16 2 0 2
haar_y2
2.217959e-02 0 1
2
4 0 1 15 0 -1
4 5 1 5 0 3
haar_y3
-3.001271e-05 -1 -2
-8.053953e-01 5.797948e-01 -8.640587e-01 
2
2
7 10 4 4 0 -1
7 11 4 2 0 2
haar_y4
3.060186e-03 0 1
2
9 10 3 3 0 -1
10 11 1 1 0 9
haar_point
-6.493124e-05 -1 -2
-7.132280e-01 1.605059e-01 -3.096312e-01 
2
2
7 1 2 15 0 -1
8 1 1 15 0 2
haar_x2
1.808198e-03 0 1
2
2 6 1 6 0 -1
2 9 1 3 0 2
haar_y2
3.255309e-05 -1 -2
-7.409496e-01 -9.792998e-01 6.579254e-01 
2
2
10 16 2 1 0 -1
10 16 1 1 0 2
tilted_haar_y2
5.398757e-05 0 1
2
3 13 12 6 0 -1
7 13 4 6 0 3
haar_x3
-8.523697e-05 -1 -2
-5.636955e-01 2.802722e-01 -9.295147e-01 
2
2
8 16 1 2 0 -1
8 16 1 1 0 2
tilted_haar_y2
2.333940e-05 0 1
2
2 7 14 2 0 -1
2 8 14 1 0 2
haar_y2
1.964692e-03 -1 -2
-7.079943e-01 -9.904598e-01 6.162632e-01 
2
2
7 5 6 5 0 -1
9 5 2 5 0 3
haar_x3
5.197517e-02 0 1
2
6 8 10 9 0 -1
6 8 5 9 0 2
haar_x2
-1.622508e-01 -1 -2
-4.974684e-01 7.513133e-01 -5.447032e-01 
2
2
9 0 6 1 0 -1
9 0 3 1 0 2
tilted_haar_x2
9.898348e-04 0 1
2
1 6 2 1 0 -1
2 6 1 1 0 2
haar_x2
-4.320331e-05 -1 -2
-9.855759e-01 6.046339e-01 -8.129772e-01 
-1.934593e+00

7
-1
