7
2
2
2 0 15 3 0 -1
2 1 15 1 0 3
haar_y3
4.568418e-02 1 0
2
1 0 17 8 0 -1
1 2 17 4 0 2
haar_y4
-2.167561e-01 -1 -2
6.894115e-01 3.709009e-01 -6.488519e-01 
2
2
2 1 15 6 0 -1
7 1 5 6 0 3
haar_x3
1.442610e-01 0 1
2
0 2 19 16 0 -1
0 6 19 8 0 2
haar_y4
3.618546e-01 -1 -2
-5.101246e-01 -5.372931e-01 3.463479e-01 
2
2
8 1 2 10 0 -1
9 1 1 10 0 2
haar_x2
1.182905e-02 0 1
2
2 11 6 1 0 -1
2 11 3 1 0 2
tilted_haar_x2
1.429874e-03 -1 -2
-4.525693e-01 -3.771812e-01 7.048139e-01 
2
3
15 4 4 6 0 -1
17 4 2 3 0 2
15 7 2 3 0 2
haar_x2_y2
1.522134e-03 0 1
2
4 1 12 6 0 -1
7 1 6 6 0 2
haar_x4
4.314446e-02 -1 -2
-1.502306e-01 -6.933247e-01 2.995038e-01 
2
2
0 9 6 3 0 -1
2 9 2 3 0 3
haar_x3
6.237572e-03 0 1
2
7 7 1 3 0 -1
6 8 1 1 0 3
tilted_haar_y3
-2.229859e-03 -1 -2
-4.732958e-01 -8.005154e-01 5.703871e-01 
2
2
9 9 1 3 0 -1
9 10 1 1 0 3
haar_y3
5.373335e-05 0 1
2
9 8 2 3 0 -1
9 9 2 1 0 3
haar_y3
-1.067963e-03 -1 -2
-6.044241e-01 -7.711354e-01 1.025461e-01 
2
2
5 5 5 2 0 -1
5 6 5 1 0 2
haar_y2
2.174931e-03 0 1
2
6 5 7 3 0 -1
6 6 7 1 0 3
haar_y3
8.262067e-03 -1 -2
-6.804736e-01 4.876912e-01 -9.169232e-01 
-1.672004e+00

9
-1
