3
4
2
3 8 12 7 0 -1
6 8 6 7 0 2
haar_x4
-1.027763e-01 3 1
2
1 8 12 12 0 -1
7 8 6 12 0 2
haar_x2
-3.088956e-01 0 2
2
5 9 8 3 0 -1
9 9 4 3 0 2
haar_x2
7.226276e-02 -1 -2
2
1 1 16 7 0 -1
5 1 8 7 0 2
haar_x4
5.368000e-02 -3 -4
7.340242e-01 -8.244097e-01 4.877824e-01 -8.965518e-01 8.752449e-01 
4
2
3 4 1 3 0 -1
3 5 1 1 0 3
haar_y3
-3.024882e-04 1 0
2
17 4 1 3 0 -1
16 5 1 1 0 3
tilted_haar_y3
-2.396620e-05 2 -1
2
17 4 1 6 0 -1
17 6 1 2 0 3
haar_y3
-4.014827e-03 -2 3
2
2 11 5 8 0 -1
2 13 5 4 0 2
haar_y4
-1.087534e-02 -3 -4
-6.546001e-01 -7.157336e-01 -6.778676e-01 -7.891341e-01 7.814676e-01 
4
2
1 0 3 2 0 -1
1 1 3 1 0 2
haar_y2
-7.358631e-03 0 1
2
1 0 15 3 0 -1
1 1 15 1 0 3
haar_y3
3.627829e-02 2 -1
2
11 0 7 2 0 -1
11 1 7 1 0 2
haar_y2
-1.275126e-02 3 -2
2
2 9 16 11 0 -1
10 9 8 11 0 2
haar_x2
-2.431668e-01 -3 -4
6.949114e-01 4.665661e-01 -8.376719e-01 9.464121e-01 -7.009267e-01 
-1.012444e+00

10
-1
