13
2
3
0 0 8 12 0 -1
0 0 4 6 0 2
4 6 4 6 0 2
haar_x2_y2
4.962110e-02 1 0
2
0 3 18 13 0 -1
6 3 6 13 0 3
haar_x3
1.926033e-01 -1 -2
6.242501e-01 -7.213888e-01 3.270884e-01 
2
3
10 12 8 10 0 -1
14 12 4 5 0 2
10 17 4 5 0 2
haar_x2_y2
-3.727647e-02 1 0
2
1 0 16 2 0 -1
5 0 8 2 0 2
haar_x4
-3.892681e-02 -1 -2
-2.539958e-01 5.713639e-01 -3.526418e-01 
2
3
0 12 8 10 0 -1
0 12 4 5 0 2
4 17 4 5 0 2
haar_x2_y2
-2.925493e-02 0 1
2
0 2 12 17 0 -1
6 2 6 17 0 2
haar_x2
1.108295e-01 -1 -2
5.630924e-01 -6.380574e-01 1.377091e-01 
2
2
14 0 4 3 0 -1
13 1 4 1 0 3
tilted_haar_x3
-1.527639e-02 0 1
2
14 4 1 10 0 -1
14 4 1 5 0 2
tilted_haar_x2
-1.669645e-02 -1 -2
5.241783e-01 1.343222e-01 -1.290729e-01 
2
2
4 0 3 4 0 -1
5 1 1 4 0 3
tilted_haar_x3
-1.417136e-02 0 1
2
4 4 10 1 0 -1
4 4 5 1 0 2
tilted_haar_x2
-2.984767e-02 -1 -2
4.622637e-01 1.279885e-01 -6.257547e-01 
2
2
5 11 8 10 0 -1
5 16 8 5 0 2
haar_y2
-1.232119e-02 1 0
2
9 2 2 2 0 -1
9 3 2 1 0 2
haar_y2
2.527813e-05 -1 -2
-5.885511e-01 -2.672118e-01 1.121399e-01 
2
2
3 8 9 3 0 -1
6 8 3 3 0 3
haar_x3
-1.261782e-02 0 1
2
9 7 4 4 0 -1
8 8 4 2 0 2
tilted_haar_y4
1.441845e-02 -1 -2
5.832272e-01 -3.455398e-01 5.338872e-01 
2
2
12 0 6 3 0 -1
11 1 6 1 0 3
tilted_haar_x3
1.805866e-02 0 1
3
16 9 2 8 0 -1
17 9 1 4 0 2
16 13 1 4 0 2
haar_x2_y2
6.655871e-03 -1 -2
-7.413734e-02 -5.934519e-02 4.127043e-01 
2
3
0 10 2 8 0 -1
0 10 1 4 0 2
1 14 1 4 0 2
haar_x2_y2
-6.226111e-03 0 1
2
6 0 4 6 0 -1
7 1 2 6 0 2
tilted_haar_x4
-3.572350e-02 -1 -2
5.809976e-01 5.823904e-01 -2.955141e-01 
2
2
1 12 16 10 0 -1
5 12 8 10 0 2
haar_x4
7.054800e-02 1 0
2
0 20 18 2 0 -1
6 20 6 2 0 3
haar_x3
4.529295e-02 -1 -2
3.942477e-01 -5.757570e-02 3.899880e-01 
2
3
5 6 8 6 0 -1
5 6 4 3 0 2
9 9 4 3 0 2
haar_x2_y2
2.039813e-02 1 0
2
6 0 3 6 0 -1
7 1 1 6 0 3
tilted_haar_x3
-5.622050e-02 -1 -2
3.675576e-01 7.346443e-01 -3.394665e-01 
2
2
10 9 6 2 0 -1
10 9 3 2 0 2
tilted_haar_y2
9.665173e-04 1 0
2
14 1 4 6 0 -1
12 3 4 2 0 3
tilted_haar_x3
7.485744e-02 -1 -2
1.008844e-01 -9.657206e-02 7.038674e-01 
2
2
1 1 14 15 0 -1
8 1 7 15 0 2
haar_x2
1.490868e-01 1 0
2
5 0 6 4 0 -1
7 2 2 4 0 3
tilted_haar_x3
8.771320e-02 -1 -2
2.932749e-01 -4.386010e-01 7.407932e-01 
-2.039369e+00

1
-1
