69
2
2
1 0 16 2 0 -1
5 0 8 2 0 2
haar_x4
-5.375729e-02 1 0
2
3 0 12 2 0 -1
3 1 12 1 0 2
haar_y2
-1.115089e-02 -1 -2
-2.407324e-01 6.327681e-01 -1.422904e-01 
2
2
15 15 3 1 0 -1
16 15 1 1 0 3
haar_x3
6.607732e-03 0 1
3
16 6 2 10 0 -1
17 6 1 5 0 2
16 11 1 5 0 2
haar_x2_y2
6.912465e-03 -1 -2
-5.470716e-05 -5.728005e-02 3.247058e-01 
2
2
0 15 3 1 0 -1
1 15 1 1 0 3
haar_x3
-2.788500e-03 0 1
3
0 6 2 10 0 -1
0 6 1 5 0 2
1 11 1 5 0 2
haar_x2_y2
1.341305e-02 -1 -2
4.014479e-01 -2.514707e-01 3.806397e-01 
2
2
14 6 4 12 0 -1
10 10 4 4 0 3
tilted_haar_x3
6.895271e-02 0 1
2
6 0 6 6 0 -1
6 2 6 2 0 3
haar_y3
3.266653e-02 -1 -2
-2.031376e-01 -1.189994e-01 4.545429e-01 
2
2
3 7 12 3 0 -1
7 11 4 3 0 3
tilted_haar_x3
8.124411e-02 0 1
2
9 12 6 1 0 -1
9 12 3 1 0 2
tilted_haar_x2
3.003982e-03 -1 -2
-1.288466e-01 -3.096654e-01 3.600425e-01 
2
3
7 20 8 2 0 -1
11 20 4 1 0 2
7 21 4 1 0 2
haar_x2_y2
-3.696326e-03 0 1
2
6 21 8 1 0 -1
6 21 4 1 0 2
haar_x2
-7.903004e-03 -1 -2
2.369921e-01 1.857390e-01 -6.781694e-02 
2
2
3 1 3 3 0 -1
4 2 1 3 0 3
tilted_haar_x3
-1.987932e-02 0 1
2
3 5 4 12 0 -1
3 9 4 4 0 3
haar_y3
4.595884e-02 -1 -2
2.554298e-01 -2.869618e-01 1.384125e-01 
2
2
13 16 4 6 0 -1
13 19 4 3 0 2
haar_y2
1.105446e-02 0 1
2
9 6 6 8 0 -1
7 8 6 4 0 2
tilted_haar_x4
1.323963e-01 -1 -2
-8.579694e-02 6.255108e-03 -3.495069e-01 
2
2
1 13 1 2 0 -1
1 14 1 1 0 2
haar_y2
-9.375998e-04 0 1
2
1 16 4 6 0 -1
1 19 4 3 0 2
haar_y2
2.226287e-02 -1 -2
-2.953656e-01 5.124451e-03 3.576253e-01 
2
2
11 1 2 6 0 -1
9 3 2 2 0 3
tilted_haar_x3
-2.054037e-02 0 1
2
4 4 10 16 0 -1
4 12 10 8 0 2
haar_y2
3.076937e-02 -1 -2
-2.343720e-01 4.364913e-02 -6.218266e-02 
2
2
7 1 6 2 0 -1
9 3 2 2 0 3
tilted_haar_x3
3.806698e-02 1 0
2
9 1 8 6 0 -1
9 1 4 6 0 2
tilted_haar_x2
-9.738180e-02 -1 -2
3.536649e-01 1.264169e-01 -2.829855e-01 
2
2
13 0 5 6 0 -1
11 2 5 2 0 3
tilted_haar_x3
5.715145e-02 1 0
2
15 0 3 3 0 -1
14 1 3 1 0 3
tilted_haar_x3
-2.277109e-02 -1 -2
2.695618e-01 4.557974e-01 -1.140685e-01 
2
2
5 0 6 5 0 -1
7 2 2 5 0 3
tilted_haar_x3
1.424237e-01 1 0
2
1 7 1 4 0 -1
1 9 1 2 0 2
haar_y2
-2.342450e-03 -1 -2
7.041723e-01 -4.420032e-01 6.869505e-03 
2
2
15 0 3 3 0 -1
14 1 3 1 0 3
tilted_haar_x3
1.649671e-02 1 0
2
15 3 1 2 0 -1
15 4 1 1 0 2
haar_y2
2.114985e-03 -1 -2
5.497497e-01 -5.891024e-02 2.982994e-01 
2
2
3 0 3 3 0 -1
4 1 1 3 0 3
tilted_haar_x3
1.231155e-02 1 0
2
2 3 1 2 0 -1
2 4 1 1 0 2
haar_y2
-1.007982e-03 -1 -2
2.595518e-01 -5.383003e-01 -5.698499e-02 
2
2
9 1 4 9 0 -1
9 1 2 9 0 2
tilted_haar_y2
-1.903580e-01 1 0
2
16 6 1 6 0 -1
16 9 1 3 0 2
haar_y2
-7.211429e-03 -1 -2
1.895370e-03 1.546495e-01 -4.532743e-02 
2
2
9 1 9 4 0 -1
9 1 9 2 0 2
tilted_haar_y2
-1.091001e-02 1 0
2
1 6 1 6 0 -1
1 9 1 3 0 2
haar_y2
9.235359e-04 -1 -2
-1.927968e-01 2.826129e-01 -1.680684e-01 
2
2
9 15 2 4 0 -1
9 15 2 2 0 2
tilted_haar_x2
1.295277e-02 1 0
2
4 14 13 6 0 -1
4 16 13 2 0 3
haar_y3
-6.705208e-02 -1 -2
1.144739e-01 -5.973132e-01 2.667326e-02 
2
2
9 15 4 2 0 -1
9 15 2 2 0 2
tilted_haar_x2
2.274388e-02 1 0
2
0 6 18 10 0 -1
6 6 6 10 0 3
haar_x3
4.484884e-01 -1 -2
-7.129638e-01 1.550966e-02 -9.283614e-01 
2
2
15 16 3 2 0 -1
16 17 1 2 0 3
tilted_haar_y3
5.958450e-03 1 0
2
15 16 3 2 0 -1
16 17 1 2 0 3
tilted_haar_y3
5.958450e-03 -1 -2
2.556906e-01 -8.045220e-02 2.556906e-01 
2
2
3 16 2 3 0 -1
2 17 2 1 0 3
tilted_haar_y3
1.922813e-02 1 0
2
2 18 4 1 0 -1
4 18 2 1 0 2
haar_x2
2.296117e-03 -1 -2
4.184584e-01 -1.635879e-01 1.554755e-01 
2
2
6 1 8 19 0 -1
6 1 4 19 0 2
haar_x2
-1.837754e-01 1 0
2
9 10 6 6 0 -1
9 10 6 3 0 2
tilted_haar_x2
4.292316e-02 -1 -2
-1.823951e-02 -7.805961e-02 5.838903e-02 
2
2
4 1 8 19 0 -1
8 1 4 19 0 2
haar_x2
1.954723e-01 1 0
2
9 10 6 6 0 -1
9 10 3 6 0 2
tilted_haar_x2
2.550443e-02 -1 -2
3.861022e-01 -2.330083e-01 1.124668e-01 
2
2
14 1 4 6 0 -1
14 4 4 3 0 2
haar_y2
-9.872140e-02 1 0
2
16 4 1 2 0 -1
16 5 1 1 0 2
haar_y2
-3.853131e-03 -1 -2
1.205776e-02 1.833318e-01 -8.673360e-03 
2
2
0 1 4 6 0 -1
0 4 4 3 0 2
haar_y2
-6.773009e-03 1 0
2
1 4 1 2 0 -1
1 5 1 1 0 2
haar_y2
-7.731906e-04 -1 -2
-1.897422e-01 -1.874299e-01 2.750457e-01 
2
2
15 15 1 2 0 -1
15 16 1 1 0 2
haar_y2
-3.550917e-04 0 1
2
12 9 2 6 0 -1
12 9 1 6 0 2
tilted_haar_y2
-9.695930e-03 -1 -2
1.050551e-01 1.417276e-01 -3.601576e-02 
2
2
2 15 1 2 0 -1
2 16 1 1 0 2
haar_y2
-1.491993e-03 0 1
3
3 7 12 4 0 -1
3 7 6 2 0 2
9 9 6 2 0 2
haar_x2_y2
-3.994627e-02 -1 -2
-4.320289e-01 4.472038e-01 -4.421988e-02 
2
2
9 5 6 3 0 -1
11 7 2 3 0 3
tilted_haar_y3
-4.011343e-02 1 0
2
12 10 2 2 0 -1
12 10 1 2 0 2
tilted_haar_y2
3.107758e-04 -1 -2
-4.272965e-02 -8.714439e-02 7.264257e-02 
2
2
9 5 3 6 0 -1
7 7 3 2 0 3
tilted_haar_y3
3.879222e-02 1 0
2
6 10 2 2 0 -1
6 10 2 1 0 2
tilted_haar_y2
-3.154054e-03 -1 -2
3.429081e-01 3.184225e-01 -1.499845e-01 
2
2
6 6 6 6 0 -1
8 6 2 6 0 3
haar_x3
-2.086107e-02 0 1
2
9 5 4 5 0 -1
10 6 2 5 0 2
tilted_haar_y4
-1.173761e-02 -1 -2
2.619198e-01 9.491705e-02 -4.643959e-02 
2
2
8 4 3 4 0 -1
9 5 1 4 0 3
tilted_haar_x3
-5.647918e-03 0 1
2
5 14 2 1 0 -1
6 14 1 1 0 2
haar_x2
5.441618e-05 -1 -2
1.447457e-01 -3.625074e-01 -1.257326e-02 
2
2
11 5 1 4 0 -1
10 6 1 2 0 2
tilted_haar_x4
2.085004e-02 0 1
2
7 4 4 10 0 -1
7 4 2 10 0 2
haar_x2
4.539668e-02 -1 -2
5.360995e-03 1.451005e-02 -4.626511e-01 
2
2
7 5 4 1 0 -1
8 6 2 1 0 2
tilted_haar_x4
7.034789e-03 0 1
2
7 4 4 10 0 -1
9 4 2 10 0 2
haar_x2
-4.216052e-02 -1 -2
-7.718968e-02 -7.594956e-01 3.847959e-01 
2
2
8 3 3 1 0 -1
9 3 1 1 0 3
haar_x3
2.785839e-03 0 1
3
11 0 4 2 0 -1
13 0 2 1 0 2
11 1 2 1 0 2
haar_x2_y2
4.698475e-03 -1 -2
4.230627e-02 -7.353134e-02 2.719750e-01 
2
2
7 3 3 1 0 -1
8 3 1 1 0 3
haar_x3
-1.488503e-03 0 1
3
3 0 4 2 0 -1
3 0 2 1 0 2
5 1 2 1 0 2
haar_x2_y2
5.638721e-03 -1 -2
-4.128667e-01 -5.575385e-02 3.887103e-01 
2
3
7 0 10 2 0 -1
12 0 5 1 0 2
7 1 5 1 0 2
haar_x2_y2
-1.615742e-02 0 1
3
10 20 6 2 0 -1
13 20 3 1 0 2
10 21 3 1 0 2
haar_x2_y2
-4.245540e-03 -1 -2
4.461821e-01 2.568839e-01 -8.421958e-02 
2
2
1 12 1 3 0 -1
1 13 1 1 0 3
haar_y3
-1.059158e-03 0 1
2
1 19 3 3 0 -1
2 20 1 1 0 9
haar_point
-1.028331e-02 -1 -2
-3.270592e-01 3.484445e-01 -6.960124e-02 
2
3
12 0 2 2 0 -1
13 0 1 1 0 2
12 1 1 1 0 2
haar_x2_y2
2.971722e-03 0 1
3
8 19 8 2 0 -1
12 19 4 1 0 2
8 20 4 1 0 2
haar_x2_y2
-5.031158e-03 -1 -2
-6.675854e-02 1.856299e-01 -5.731295e-02 
2
2
7 11 4 7 0 -1
8 11 2 7 0 2
haar_x4
2.190567e-02 1 0
3
6 3 4 2 0 -1
6 3 2 1 0 2
8 4 2 1 0 2
haar_x2_y2
-4.706030e-03 -1 -2
-7.910452e-01 -4.453343e-01 1.250038e-01 
2
3
14 20 2 2 0 -1
15 20 1 1 0 2
14 21 1 1 0 2
haar_x2_y2
-2.604720e-03 1 0
3
11 20 4 2 0 -1
13 20 2 1 0 2
11 21 2 1 0 2
haar_x2_y2
5.061180e-03 -1 -2
-6.807699e-02 -6.624951e-02 4.099068e-01 
2
2
5 17 3 1 0 -1
6 18 1 1 0 3
tilted_haar_x3
5.404782e-03 1 0
3
2 20 2 2 0 -1
2 20 1 1 0 2
3 21 1 1 0 2
haar_x2_y2
2.431594e-03 -1 -2
-4.321533e-01 2.236940e-02 4.417422e-01 
2
2
9 16 1 3 0 -1
8 17 1 1 0 3
tilted_haar_x3
-1.001695e-02 1 0
2
9 17 1 4 0 -1
9 17 1 2 0 2
tilted_haar_x2
4.729215e-03 -1 -2
1.040396e-02 -4.773430e-02 7.774236e-02 
2
2
9 16 3 1 0 -1
10 17 1 1 0 3
tilted_haar_x3
5.166649e-03 1 0
2
9 17 4 1 0 -1
9 17 2 1 0 2
tilted_haar_x2
1.596444e-03 -1 -2
-5.412397e-01 -1.190679e-01 1.942872e-01 
2
3
12 0 2 2 0 -1
13 0 1 1 0 2
12 1 1 1 0 2
haar_x2_y2
2.054425e-03 0 1
3
11 20 4 2 0 -1
13 20 2 1 0 2
11 21 2 1 0 2
haar_x2_y2
9.074044e-04 -1 -2
-8.172645e-02 -1.079919e-01 1.970549e-01 
2
3
3 20 4 2 0 -1
3 20 2 1 0 2
5 21 2 1 0 2
haar_x2_y2
3.607182e-03 1 0
3
2 0 6 2 0 -1
2 0 3 1 0 2
5 1 3 1 0 2
haar_x2_y2
-4.310521e-03 -1 -2
3.505446e-01 2.448727e-01 -1.065183e-01 
2
3
1 6 16 12 0 -1
9 6 8 6 0 2
1 12 8 6 0 2
haar_x2_y2
1.653100e-01 0 1
2
11 10 5 8 0 -1
11 14 5 4 0 2
haar_y2
-5.583135e-02 -1 -2
2.940016e-02 -4.428956e-01 3.384269e-02 
2
2
9 9 2 2 0 -1
9 9 2 1 0 2
tilted_haar_y2
4.374880e-03 1 0
2
8 10 2 2 0 -1
8 11 2 1 0 2
haar_y2
1.671286e-03 -1 -2
2.108914e-01 -2.888885e-01 7.166120e-02 
2
3
3 7 12 12 0 -1
9 7 6 6 0 2
3 13 6 6 0 2
haar_x2_y2
1.158241e-01 0 1
2
11 10 5 8 0 -1
11 14 5 4 0 2
haar_y2
-5.583135e-02 -1 -2
3.211951e-02 -4.539376e-01 3.542855e-02 
2
2
5 15 8 6 0 -1
5 17 8 2 0 3
haar_y3
-3.498709e-02 0 1
2
0 15 18 6 0 -1
0 17 18 2 0 3
haar_y3
-8.492777e-03 -1 -2
-4.627930e-01 1.680492e-01 -1.167001e-01 
2
2
14 0 2 1 0 -1
14 0 1 1 0 2
haar_x2
5.130668e-04 1 0
2
14 0 2 1 0 -1
14 0 1 1 0 2
haar_x2
5.130668e-04 -1 -2
-2.574734e-01 7.566624e-02 -2.574734e-01 
2
2
7 0 2 7 0 -1
7 0 1 7 0 2
tilted_haar_x2
-1.219417e-02 0 1
2
7 1 1 2 0 -1
7 1 1 1 0 2
tilted_haar_y2
-2.463336e-03 -1 -2
2.513605e-01 -6.136780e-01 -2.137456e-02 
2
2
9 6 6 4 0 -1
11 6 2 4 0 3
haar_x3
-6.951707e-03 1 0
2
13 7 2 8 0 -1
13 7 2 4 0 2
tilted_haar_x2
-6.916048e-02 -1 -2
-8.249512e-02 -4.063319e-01 9.425637e-04 
2
2
0 0 3 9 0 -1
0 3 3 3 0 3
haar_y3
-9.028932e-02 0 1
2
7 1 2 3 0 -1
6 2 2 1 0 3
tilted_haar_y3
-9.339888e-03 -1 -2
-6.209418e-01 -4.907945e-01 1.185086e-01 
2
2
9 1 3 9 0 -1
10 2 1 9 0 3
tilted_haar_y3
3.238683e-02 0 1
2
5 10 11 2 0 -1
5 11 11 1 0 2
haar_y2
2.927565e-02 -1 -2
-2.175943e-02 5.762811e-03 -6.105483e-01 
2
2
9 1 9 3 0 -1
8 2 9 1 0 3
tilted_haar_y3
-8.959081e-03 0 1
2
2 10 11 2 0 -1
2 11 11 1 0 2
haar_y2
6.116726e-03 -1 -2
2.018729e-01 -2.452470e-01 1.214385e-01 
2
2
6 11 10 6 0 -1
6 14 10 3 0 2
haar_y2
-9.003279e-02 0 1
2
9 3 3 3 0 -1
10 4 1 3 0 3
tilted_haar_y3
-1.267877e-02 -1 -2
-4.918062e-01 1.725138e-01 -2.819923e-02 
2
2
9 3 3 3 0 -1
8 4 3 1 0 3
tilted_haar_y3
2.913013e-02 1 0
2
0 8 15 12 0 -1
0 11 15 6 0 2
haar_y4
1.905292e-01 -1 -2
-8.870456e-01 6.688202e-02 -6.922383e-01 
2
2
9 6 6 4 0 -1
11 6 2 4 0 3
haar_x3
4.220820e-02 1 0
2
1 8 16 5 0 -1
5 8 8 5 0 2
haar_x4
1.348145e-01 -1 -2
2.747818e-01 2.345120e-02 -3.248582e-01 
2
2
3 6 6 4 0 -1
5 6 2 4 0 3
haar_x3
2.280781e-02 1 0
2
3 16 2 3 0 -1
3 17 2 1 0 3
haar_y3
3.110518e-03 -1 -2
3.025463e-01 -3.152132e-02 -4.696471e-01 
2
2
10 13 4 4 0 -1
11 13 2 4 0 2
haar_x4
1.133217e-02 0 1
2
9 16 1 2 0 -1
9 17 1 1 0 2
haar_y2
-4.053624e-04 -1 -2
2.620054e-02 1.346288e-01 -1.482664e-01 
2
2
4 13 4 4 0 -1
5 13 2 4 0 2
haar_x4
-9.587237e-03 0 1
2
8 16 1 2 0 -1
8 17 1 1 0 2
haar_y2
-5.766882e-04 -1 -2
-5.894524e-01 1.849652e-01 -1.226492e-01 
2
2
16 12 1 6 0 -1
16 15 1 3 0 2
haar_y2
-1.084716e-02 1 0
2
15 16 3 1 0 -1
16 17 1 1 0 3
tilted_haar_y3
-8.363872e-03 -1 -2
1.749119e-02 3.252710e-01 -4.133375e-02 
2
2
1 12 1 6 0 -1
1 15 1 3 0 2
haar_y2
1.159320e-02 1 0
2
3 16 1 3 0 -1
2 17 1 1 0 3
tilted_haar_y3
-9.784049e-03 -1 -2
3.151286e-01 2.905328e-01 -1.442363e-01 
2
2
12 17 2 3 0 -1
12 17 1 3 0 2
tilted_haar_y2
8.402612e-03 1 0
2
12 5 3 4 0 -1
12 7 3 2 0 2
haar_y2
8.216823e-03 -1 -2
-3.621822e-01 -5.492064e-02 1.318657e-01 
2
2
6 17 3 2 0 -1
6 17 3 1 0 2
tilted_haar_y2
6.399500e-03 1 0
2
5 2 6 17 0 -1
8 2 3 17 0 2
haar_x2
8.312510e-02 -1 -2
2.709547e-01 -1.800582e-01 1.891304e-01 
2
2
12 0 1 3 0 -1
12 1 1 1 0 3
haar_y3
-3.326810e-03 0 1
2
9 1 2 3 0 -1
9 2 2 1 0 3
haar_y3
-1.915834e-02 -1 -2
2.928354e-01 6.422126e-01 -9.542739e-03 
2
2
9 8 3 4 0 -1
8 9 3 2 0 2
tilted_haar_y4
1.715561e-02 0 1
2
8 11 2 8 0 -1
8 15 2 4 0 2
haar_y2
-3.451538e-02 -1 -2
-1.457381e-01 -7.091464e-01 2.849200e-01 
2
2
12 0 1 3 0 -1
12 1 1 1 0 3
haar_y3
4.605747e-03 0 1
2
12 1 2 4 0 -1
12 3 2 2 0 2
haar_y2
-8.272644e-03 -1 -2
-3.829092e-02 1.882991e-01 -3.264820e-02 
2
2
5 0 1 3 0 -1
5 1 1 1 0 3
haar_y3
-6.708988e-03 0 1
2
9 8 4 4 0 -1
8 9 4 2 0 2
tilted_haar_y4
-2.616467e-03 -1 -2
4.165072e-01 1.855415e-01 -1.181315e-01 
-1.666562e+00

12
-1
