77
2
2
0 0 2 12 0 -1
0 6 2 6 0 2
haar_y2
-2.114973e-02 1 0
2
0 6 2 10 0 -1
1 6 1 10 0 2
haar_x2
-5.550357e-03 -1 -2
-3.421352e-01 5.390388e-01 -6.787561e-02 
2
2
9 9 3 8 0 -1
9 9 3 4 0 2
tilted_haar_x2
2.801908e-02 0 1
3
8 0 8 4 0 -1
12 0 4 2 0 2
8 2 4 2 0 2
haar_x2_y2
2.102482e-02 -1 -2
-9.265755e-02 -1.612750e-01 3.533929e-01 
2
2
9 9 8 3 0 -1
9 9 4 3 0 2
tilted_haar_x2
2.224399e-02 0 1
3
0 11 2 6 0 -1
0 11 1 3 0 2
1 14 1 3 0 2
haar_x2_y2
-3.403764e-03 -1 -2
-2.707934e-01 4.026878e-01 -2.451258e-02 
2
2
13 3 1 2 0 -1
13 3 1 1 0 2
tilted_haar_x2
-1.054382e-02 1 0
2
7 21 10 1 0 -1
7 21 5 1 0 2
haar_x2
-2.193294e-02 -1 -2
2.077028e-02 3.699433e-01 -5.113772e-02 
2
2
5 3 2 1 0 -1
5 3 1 1 0 2
tilted_haar_x2
1.743107e-03 1 0
2
1 21 10 1 0 -1
6 21 5 1 0 2
haar_x2
-9.954713e-03 -1 -2
-4.580988e-01 2.961370e-01 -7.771298e-02 
2
2
3 7 13 12 0 -1
3 13 13 6 0 2
haar_y2
-8.277088e-02 0 1
2
6 14 6 4 0 -1
6 16 6 2 0 2
haar_y2
-3.303707e-03 -1 -2
-2.775859e-01 7.025845e-02 -2.502804e-01 
2
2
0 0 4 1 0 -1
2 0 2 1 0 2
haar_x2
-1.297154e-03 0 1
2
0 0 2 1 0 -1
1 0 1 1 0 2
haar_x2
4.326692e-04 -1 -2
-1.836449e-01 2.881136e-01 -1.381487e-01 
2
2
3 0 12 3 0 -1
3 1 12 1 0 3
haar_y3
-8.039212e-03 1 0
2
9 1 1 2 0 -1
9 2 1 1 0 2
haar_y2
-8.836952e-04 -1 -2
-1.570155e-01 -2.147612e-01 5.151381e-02 
2
2
3 0 3 3 0 -1
4 1 1 3 0 3
tilted_haar_x3
-2.148848e-02 1 0
2
3 3 1 2 0 -1
3 3 1 1 0 2
tilted_haar_y2
-3.014980e-03 -1 -2
-6.255355e-03 -5.648522e-01 4.610169e-01 
2
3
2 5 14 6 0 -1
9 5 7 3 0 2
2 8 7 3 0 2
haar_x2_y2
9.757479e-02 0 1
2
9 6 4 5 0 -1
10 7 2 5 0 2
tilted_haar_y4
6.167807e-02 -1 -2
-4.427847e-02 6.838041e-03 -8.512000e-01 
2
2
8 3 2 1 0 -1
9 3 1 1 0 2
haar_x2
-1.283898e-03 0 1
2
9 5 4 4 0 -1
8 6 4 2 0 2
tilted_haar_y4
-8.455760e-03 -1 -2
-4.125196e-01 3.024915e-01 -1.367268e-02 
2
2
9 5 2 8 0 -1
9 5 1 8 0 2
tilted_haar_y2
-2.651521e-02 1 0
3
10 6 4 12 0 -1
12 6 2 6 0 2
10 12 2 6 0 2
haar_x2_y2
-9.570478e-03 -1 -2
-3.093200e-02 1.336388e-01 -5.866609e-02 
2
2
9 5 8 2 0 -1
9 5 8 1 0 2
tilted_haar_y2
-8.163285e-03 1 0
3
4 6 4 12 0 -1
4 6 2 6 0 2
6 12 2 6 0 2
haar_x2_y2
-2.808929e-02 -1 -2
-1.329786e-01 6.352304e-01 1.055385e-01 
2
2
14 7 3 6 0 -1
14 9 3 2 0 3
haar_y3
-1.016304e-02 0 1
2
9 6 4 5 0 -1
10 7 2 5 0 2
tilted_haar_y4
6.167807e-02 -1 -2
1.239747e-01 1.547722e-02 -8.570360e-01 
2
2
1 7 3 6 0 -1
1 9 3 2 0 3
haar_y3
-1.691634e-02 0 1
2
9 6 5 4 0 -1
8 7 5 2 0 2
tilted_haar_y4
-1.703356e-02 -1 -2
-5.233330e-01 3.390801e-01 -5.469021e-02 
2
3
16 4 2 4 0 -1
17 4 1 2 0 2
16 6 1 2 0 2
haar_x2_y2
-3.706229e-03 0 1
2
3 4 15 2 0 -1
8 4 5 2 0 3
haar_x3
-9.553346e-02 -1 -2
3.984563e-01 -7.278960e-01 6.674257e-03 
2
3
0 4 2 4 0 -1
0 4 1 2 0 2
1 6 1 2 0 2
haar_x2_y2
-1.038338e-02 0 1
2
0 4 15 2 0 -1
5 4 5 2 0 3
haar_x3
5.900180e-02 -1 -2
4.348736e-01 -1.748533e-01 2.310573e-01 
2
2
12 2 4 1 0 -1
12 2 2 1 0 2
tilted_haar_y2
1.854848e-02 1 0
3
2 2 14 4 0 -1
9 2 7 2 0 2
2 4 7 2 0 2
haar_x2_y2
-2.866621e-03 -1 -2
-6.316674e-01 1.286089e-01 -1.423652e-01 
2
2
5 2 1 2 0 -1
5 2 1 1 0 2
tilted_haar_y2
2.039358e-03 1 0
3
2 7 14 12 0 -1
2 7 7 6 0 2
9 13 7 6 0 2
haar_x2_y2
-1.060281e-01 -1 -2
-3.019702e-01 -3.838073e-01 1.323630e-01 
2
3
15 15 2 2 0 -1
16 15 1 1 0 2
15 16 1 1 0 2
haar_x2_y2
-2.315272e-03 0 1
2
16 15 2 1 0 -1
16 15 1 1 0 2
haar_x2
4.696579e-03 -1 -2
2.573353e-01 -3.458888e-02 5.591344e-01 
2
3
1 15 2 2 0 -1
1 15 1 1 0 2
2 16 1 1 0 2
haar_x2_y2
-4.782298e-03 0 1
2
0 15 2 1 0 -1
1 15 1 1 0 2
haar_x2
7.118784e-04 -1 -2
4.990454e-01 -1.501601e-01 1.800774e-01 
2
2
3 8 14 6 0 -1
3 8 7 6 0 2
haar_x2
-8.278306e-02 0 1
2
15 4 2 12 0 -1
15 7 2 6 0 2
haar_y4
-3.691760e-02 -1 -2
1.532597e-01 -5.658969e-01 2.853698e-02 
2
2
6 6 6 9 0 -1
8 9 2 3 0 9
haar_point
7.287209e-02 1 0
2
1 12 2 3 0 -1
1 13 2 1 0 3
haar_y3
1.921273e-03 -1 -2
1.649472e-01 -5.965717e-02 -4.852320e-01 
2
2
9 4 4 3 0 -1
8 5 4 1 0 3
tilted_haar_x3
-4.622951e-02 1 0
2
13 5 2 2 0 -1
13 6 2 1 0 2
haar_y2
1.640819e-03 -1 -2
2.726771e-03 -3.696696e-02 8.276208e-02 
2
2
9 4 3 4 0 -1
10 5 1 4 0 3
tilted_haar_x3
2.227167e-02 1 0
2
3 5 2 2 0 -1
3 6 2 1 0 2
haar_y2
1.428450e-03 -1 -2
3.476073e-01 2.231344e-02 -3.529700e-01 
2
2
12 0 5 8 0 -1
12 2 5 4 0 2
haar_y4
-1.257896e-02 0 1
2
12 0 3 3 0 -1
11 1 3 1 0 3
tilted_haar_x3
-2.535289e-02 -1 -2
9.415147e-02 4.017182e-01 -2.909974e-02 
2
2
5 4 4 1 0 -1
6 5 2 1 0 2
tilted_haar_x4
8.029025e-03 1 0
2
3 6 1 2 0 -1
3 7 1 1 0 2
haar_y2
3.395804e-04 -1 -2
2.972612e-01 -5.995960e-03 -3.201866e-01 
2
2
12 0 6 8 0 -1
12 2 6 4 0 2
haar_y4
2.701080e-02 0 1
2
12 0 5 3 0 -1
11 1 5 1 0 3
tilted_haar_x3
1.240109e-02 -1 -2
-3.050935e-02 -5.734284e-02 2.239791e-01 
2
2
0 0 6 8 0 -1
0 2 6 4 0 2
haar_y4
-8.911786e-03 0 1
2
6 0 3 5 0 -1
7 1 1 5 0 3
tilted_haar_x3
1.553336e-02 -1 -2
1.515376e-01 -2.372328e-01 3.597357e-01 
2
2
13 20 3 1 0 -1
14 20 1 1 0 3
haar_x3
5.013899e-03 0 1
2
9 16 4 2 0 -1
10 16 2 2 0 2
haar_x4
6.026581e-03 -1 -2
-2.887055e-02 2.271385e-02 -4.133897e-01 
2
2
0 12 9 3 0 -1
0 13 9 1 0 3
haar_y3
-1.989910e-02 0 1
2
5 16 4 2 0 -1
6 16 2 2 0 2
haar_x4
-6.566008e-03 -1 -2
-7.205960e-01 -6.563553e-01 8.255273e-02 
2
2
13 20 3 1 0 -1
14 20 1 1 0 3
haar_x3
-3.189688e-03 0 1
2
9 6 6 5 0 -1
11 6 2 5 0 3
haar_x3
3.020828e-02 -1 -2
2.714317e-01 -4.534561e-02 1.950529e-01 
2
2
3 6 6 4 0 -1
5 6 2 4 0 3
haar_x3
-2.114769e-02 0 1
2
9 8 8 1 0 -1
11 10 4 1 0 2
tilted_haar_x4
1.631836e-03 -1 -2
3.035006e-01 -3.754945e-01 -2.091606e-02 
2
2
13 20 3 1 0 -1
14 20 1 1 0 3
haar_x3
5.013899e-03 0 1
3
12 20 2 2 0 -1
13 20 1 1 0 2
12 21 1 1 0 2
haar_x2_y2
-3.083761e-03 -1 -2
-3.071763e-02 3.528574e-01 -4.194425e-02 
2
2
4 13 6 4 0 -1
6 13 2 4 0 3
haar_x3
3.570021e-02 1 0
2
5 1 2 2 0 -1
5 1 1 2 0 2
tilted_haar_x2
2.105562e-02 -1 -2
-7.063588e-01 9.639091e-03 5.399196e-01 
2
2
0 3 18 12 0 -1
6 7 6 4 0 9
haar_point
-3.622983e-01 0 1
2
11 1 2 1 0 -1
11 1 1 1 0 2
tilted_haar_y2
6.624850e-03 -1 -2
-6.601685e-01 1.501344e-02 -4.247037e-01 
2
2
0 0 18 2 0 -1
9 0 9 2 0 2
haar_x2
-5.733650e-02 0 1
2
9 13 6 1 0 -1
11 15 2 1 0 3
tilted_haar_x3
1.930011e-02 -1 -2
-3.829989e-01 9.950127e-02 -7.087340e-01 
2
2
13 20 3 1 0 -1
14 20 1 1 0 3
haar_x3
5.013899e-03 0 1
3
12 20 2 2 0 -1
13 20 1 1 0 2
12 21 1 1 0 2
haar_x2_y2
3.083387e-03 -1 -2
-2.807257e-02 -4.057645e-02 3.708297e-01 
2
2
2 20 3 1 0 -1
3 20 1 1 0 3
haar_x3
-4.201773e-03 0 1
3
4 20 2 2 0 -1
4 20 1 1 0 2
5 21 1 1 0 2
haar_x2_y2
-2.483380e-03 -1 -2
3.669754e-01 3.562525e-01 -9.572605e-02 
2
3
15 2 2 2 0 -1
16 2 1 1 0 2
15 3 1 1 0 2
haar_x2_y2
3.488909e-03 0 1
2
6 0 6 4 0 -1
8 0 2 4 0 3
haar_x3
-2.916502e-02 -1 -2
-5.249835e-02 -5.847721e-01 2.948453e-02 
2
3
1 2 2 2 0 -1
1 2 1 1 0 2
2 3 1 1 0 2
haar_x2_y2
-3.424896e-03 0 1
2
7 5 6 2 0 -1
7 5 6 1 0 2
tilted_haar_y2
-8.679105e-03 -1 -2
4.501784e-01 1.964179e-01 -9.084779e-02 
2
2
9 6 6 4 0 -1
11 8 2 4 0 3
tilted_haar_y3
-5.385780e-02 1 0
2
15 6 2 2 0 -1
15 6 1 2 0 2
tilted_haar_y2
-6.102124e-03 -1 -2
-1.425236e-02 1.148992e-01 -2.365870e-02 
2
2
9 6 4 6 0 -1
7 8 4 2 0 3
tilted_haar_y3
-1.502439e-02 1 0
2
3 6 2 2 0 -1
3 6 2 1 0 2
tilted_haar_y2
-2.699892e-03 -1 -2
-6.231153e-02 -6.403183e-01 3.531561e-01 
2
2
9 7 6 2 0 -1
11 9 2 2 0 3
tilted_haar_y3
8.683197e-02 0 1
2
14 8 3 2 0 -1
15 9 1 2 0 3
tilted_haar_y3
-2.634364e-02 -1 -2
8.489748e-03 -8.035111e-01 6.472033e-03 
2
2
9 7 2 6 0 -1
7 9 2 2 0 3
tilted_haar_y3
2.685865e-02 0 1
2
4 8 2 3 0 -1
3 9 2 1 0 3
tilted_haar_y3
3.353350e-03 -1 -2
-9.159948e-02 3.648641e-01 -4.085827e-01 
2
2
5 17 8 4 0 -1
5 19 8 2 0 2
haar_y2
1.110892e-02 0 1
2
0 1 18 10 0 -1
0 1 9 10 0 2
haar_x2
-3.794510e-01 -1 -2
5.338828e-02 2.136369e-01 -1.477485e-02 
2
2
2 11 1 6 0 -1
2 14 1 3 0 2
haar_y2
-4.733757e-05 1 0
2
1 14 1 2 0 -1
1 15 1 1 0 2
haar_y2
-1.670110e-03 -1 -2
-1.924915e-01 -5.190628e-01 1.495273e-01 
2
2
0 13 18 2 0 -1
0 14 18 1 0 2
haar_y2
4.564357e-03 1 0
3
10 20 6 2 0 -1
13 20 3 1 0 2
10 21 3 1 0 2
haar_x2_y2
5.298276e-03 -1 -2
2.444297e-01 -5.666854e-02 3.041165e-01 
2
2
7 1 1 2 0 -1
7 1 1 1 0 2
tilted_haar_y2
1.501346e-03 0 1
3
0 1 10 2 0 -1
0 1 5 1 0 2
5 2 5 1 0 2
haar_x2_y2
-1.411289e-02 -1 -2
1.792153e-02 3.206912e-01 -4.261991e-01 
2
3
15 1 2 2 0 -1
16 1 1 1 0 2
15 2 1 1 0 2
haar_x2_y2
-4.031477e-03 0 1
2
1 2 16 1 0 -1
5 2 8 1 0 2
haar_x4
2.912257e-02 -1 -2
3.028216e-01 -3.845628e-02 4.412658e-01 
2
3
1 1 2 2 0 -1
1 1 1 1 0 2
2 2 1 1 0 2
haar_x2_y2
-3.046786e-03 0 1
2
0 4 12 1 0 -1
3 4 6 1 0 2
haar_x4
-1.232420e-03 -1 -2
2.920324e-01 3.861479e-02 -2.525303e-01 
2
2
7 9 6 3 0 -1
7 10 6 1 0 3
haar_y3
2.296895e-02 1 0
2
8 2 4 2 0 -1
9 2 2 2 0 2
haar_x4
3.821913e-03 -1 -2
-5.608783e-01 4.761173e-02 -3.038480e-01 
2
2
7 17 4 4 0 -1
7 18 4 2 0 2
haar_y4
-1.025552e-02 0 1
2
5 3 6 2 0 -1
5 4 6 1 0 2
haar_y2
-8.581346e-03 -1 -2
-5.055941e-01 -6.377000e-01 8.182130e-02 
2
2
8 17 3 1 0 -1
9 17 1 1 0 3
haar_x3
5.655374e-05 1 0
2
8 17 3 1 0 -1
9 17 1 1 0 3
haar_x3
5.655374e-05 -1 -2
8.657471e-02 -9.600943e-02 8.657471e-02 
2
2
7 17 3 1 0 -1
8 17 1 1 0 3
haar_x3
5.467444e-05 1 0
2
7 17 3 1 0 -1
8 17 1 1 0 3
haar_x3
-4.910114e-05 -1 -2
1.498656e-01 -7.422173e-02 -6.690196e-01 
2
3
2 6 14 6 0 -1
9 6 7 3 0 2
2 9 7 3 0 2
haar_x2_y2
-3.217021e-02 1 0
2
7 11 4 6 0 -1
7 14 4 3 0 2
haar_y2
-6.263215e-03 -1 -2
-9.651978e-02 7.227094e-02 -1.298996e-01 
2
2
2 0 5 2 0 -1
2 0 5 1 0 2
tilted_haar_y2
-2.507475e-02 0 1
2
9 14 4 1 0 -1
9 14 2 1 0 2
tilted_haar_x2
1.352750e-02 -1 -2
-6.722464e-01 1.247730e-01 -4.998849e-01 
2
3
7 0 10 2 0 -1
12 0 5 1 0 2
7 1 5 1 0 2
haar_x2_y2
-1.421929e-02 0 1
2
14 0 3 3 0 -1
15 1 1 1 0 9
haar_point
-1.814472e-02 -1 -2
3.174730e-01 2.588849e-01 -4.511165e-02 
2
2
5 2 2 1 0 -1
6 2 1 1 0 2
haar_x2
-6.893561e-04 1 0
2
7 1 2 6 0 -1
7 1 1 6 0 2
tilted_haar_x2
2.575050e-02 -1 -2
7.536829e-03 -4.296792e-01 5.466301e-01 
2
3
0 20 18 2 0 -1
9 20 9 1 0 2
0 21 9 1 0 2
haar_x2_y2
-1.377388e-02 1 0
2
14 1 3 1 0 -1
15 1 1 1 0 3
haar_x3
7.696222e-03 -1 -2
-5.408399e-02 -2.129341e-02 3.893995e-01 
2
2
8 16 2 2 0 -1
8 17 2 1 0 2
haar_y2
-1.040202e-03 0 1
2
9 15 3 2 0 -1
9 15 3 1 0 2
tilted_haar_y2
-3.034296e-03 -1 -2
1.881382e-01 2.130073e-01 -1.879924e-01 
2
3
14 19 2 2 0 -1
15 19 1 1 0 2
14 20 1 1 0 2
haar_x2_y2
2.947989e-03 1 0
3
14 17 4 4 0 -1
16 17 2 2 0 2
14 19 2 2 0 2
haar_x2_y2
-6.472303e-03 -1 -2
3.401516e-01 2.581037e-01 -9.411268e-02 
2
2
2 7 1 2 0 -1
2 8 1 1 0 2
haar_y2
-1.743914e-03 0 1
3
2 19 2 2 0 -1
2 19 1 1 0 2
3 20 1 1 0 2
haar_x2_y2
3.936110e-03 -1 -2
-5.226247e-01 -3.990462e-02 4.348671e-01 
2
2
15 1 2 1 0 -1
15 1 1 1 0 2
haar_x2
5.714818e-04 0 1
2
15 15 1 3 0 -1
14 16 1 1 0 3
tilted_haar_x3
8.133427e-03 -1 -2
8.367632e-02 3.259193e-02 -7.551091e-01 
2
2
1 1 2 1 0 -1
2 1 1 1 0 2
haar_x2
-5.871987e-03 0 1
2
6 7 9 6 0 -1
9 10 3 6 0 3
tilted_haar_x3
-6.633526e-02 -1 -2
4.846916e-01 4.402365e-01 -1.345246e-01 
2
2
9 10 1 8 0 -1
9 10 1 4 0 2
tilted_haar_x2
-5.161785e-03 1 0
2
10 10 1 8 0 -1
8 12 1 4 0 2
tilted_haar_x4
-3.146765e-02 -1 -2
3.476836e-02 -4.041175e-01 1.771590e-02 
2
2
9 10 8 1 0 -1
9 10 4 1 0 2
tilted_haar_x2
6.200201e-03 1 0
2
8 9 8 4 0 -1
10 11 4 4 0 2
tilted_haar_x4
5.155965e-02 -1 -2
7.496084e-02 -3.817405e-01 2.947482e-01 
2
2
9 15 3 7 0 -1
10 15 1 7 0 3
haar_x3
7.997770e-03 1 0
3
15 16 2 6 0 -1
16 16 1 3 0 2
15 19 1 3 0 2
haar_x2_y2
-4.478280e-03 -1 -2
-2.960979e-01 1.680219e-01 -5.142210e-02 
2
2
6 15 3 7 0 -1
7 15 1 7 0 3
haar_x3
1.262574e-02 1 0
3
1 16 2 6 0 -1
1 16 1 3 0 2
2 19 1 3 0 2
haar_x2_y2
-2.155103e-03 -1 -2
-6.006715e-01 2.517948e-01 -4.074989e-02 
2
3
13 19 2 2 0 -1
14 19 1 1 0 2
13 20 1 1 0 2
haar_x2_y2
-6.018507e-05 1 0
2
12 19 3 3 0 -1
13 19 1 3 0 3
haar_x3
-1.449230e-02 -1 -2
-9.144364e-02 -4.438341e-01 4.593723e-03 
2
2
0 21 18 1 0 -1
9 21 9 1 0 2
haar_x2
-6.026024e-02 0 1
3
3 16 2 6 0 -1
3 16 1 3 0 2
4 19 1 3 0 2
haar_x2_y2
-1.213038e-03 -1 -2
-6.845618e-01 2.090446e-01 -6.722341e-02 
2
3
12 18 4 4 0 -1
14 18 2 2 0 2
12 20 2 2 0 2
haar_x2_y2
-6.446868e-03 1 0
2
10 19 8 2 0 -1
12 19 4 2 0 2
haar_x4
1.186927e-02 -1 -2
-7.786776e-02 -3.187561e-02 1.405227e-01 
2
3
2 18 4 4 0 -1
2 18 2 2 0 2
4 20 2 2 0 2
haar_x2_y2
3.804692e-03 1 0
2
0 19 8 2 0 -1
2 19 4 2 0 2
haar_x4
-2.836864e-03 -1 -2
2.918510e-01 1.200470e-01 -2.358014e-01 
2
2
10 18 1 3 0 -1
9 19 1 1 0 3
tilted_haar_x3
1.153873e-02 1 0
2
12 9 2 12 0 -1
12 15 2 6 0 2
haar_y2
-4.026397e-02 -1 -2
-6.193850e-01 -3.782136e-01 3.904616e-02 
2
2
5 10 3 1 0 -1
6 10 1 1 0 3
haar_x3
-3.499225e-03 0 1
2
1 11 1 2 0 -1
1 12 1 1 0 2
haar_y2
-7.686269e-04 -1 -2
3.725573e-01 -3.249741e-01 2.682799e-02 
2
2
15 15 1 3 0 -1
14 16 1 1 0 3
tilted_haar_x3
8.133427e-03 0 1
2
6 7 6 12 0 -1
6 11 6 4 0 3
haar_y3
-4.905834e-02 -1 -2
2.398479e-02 -8.106855e-01 1.974119e-02 
2
2
3 15 3 1 0 -1
4 16 1 1 0 3
tilted_haar_x3
-3.088196e-03 0 1
2
4 12 9 9 0 -1
7 12 3 9 0 3
haar_x3
-3.261479e-02 -1 -2
-3.147596e-01 3.527445e-01 -2.770305e-02 
-1.618085e+00

13
-1
