5
2
2
8 4 4 4 0 -1
9 5 2 4 0 2
tilted_haar_x4
2.570216e-02 0 1
2
8 2 2 6 0 -1
6 4 2 2 0 3
tilted_haar_y3
-3.429101e-02 -1 -2
-7.041326e-01 7.976527e-01 -8.674591e-01 
2
3
11 1 6 6 0 -1
14 1 3 3 0 2
11 4 3 3 0 2
haar_x2_y2
-4.875053e-02 1 0
2
7 10 4 4 0 -1
8 10 2 4 0 2
haar_x4
1.168821e-02 -1 -2
5.108687e-02 -5.307146e-01 4.517861e-01 
2
3
2 5 2 2 0 -1
2 5 1 1 0 2
3 6 1 1 0 2
haar_x2_y2
4.958437e-04 0 1
2
4 0 4 12 0 -1
4 4 4 4 0 3
haar_y3
-4.277930e-02 -1 -2
-6.090314e-01 6.594052e-01 -6.491808e-01 
2
2
9 10 3 4 0 -1
10 10 1 4 0 3
haar_x3
-4.370122e-03 1 0
2
1 2 16 9 0 -1
5 2 8 9 0 2
haar_x4
-2.503190e-02 -1 -2
-5.491573e-01 -6.719099e-01 2.022089e-01 
2
2
1 11 9 4 0 -1
1 13 9 2 0 2
haar_y2
-1.987388e-03 1 0
2
1 11 6 8 0 -1
1 13 6 4 0 2
haar_y4
-1.012937e-02 -1 -2
-7.541955e-01 -8.356545e-01 6.134584e-01 
-1.483855e+00

13
-1
