97
2
2
0 0 18 1 0 -1
6 0 6 1 0 3
haar_x3
-6.838430e-02 0 1
2
1 0 4 12 0 -1
1 3 4 6 0 2
haar_y4
-2.144261e-02 -1 -2
4.582662e-01 3.419115e-02 -3.221815e-01 
2
2
15 7 3 12 0 -1
11 11 3 4 0 3
tilted_haar_x3
1.819689e-01 0 1
2
15 4 3 18 0 -1
16 10 1 6 0 9
haar_point
-3.970564e-03 -1 -2
1.998230e-02 7.611601e-02 -8.831073e-02 
2
2
3 7 12 3 0 -1
7 11 4 3 0 3
tilted_haar_x3
8.331085e-02 0 1
2
0 4 3 18 0 -1
1 10 1 6 0 9
haar_point
-8.607329e-02 -1 -2
-2.080276e-01 4.500984e-01 -1.342630e-02 
2
2
13 1 2 6 0 -1
11 3 2 2 0 3
tilted_haar_x3
3.378366e-02 0 1
2
4 3 12 18 0 -1
4 12 12 9 0 2
haar_y2
8.353431e-03 -1 -2
-6.435467e-02 9.132674e-02 -1.443668e-01 
2
2
0 5 12 1 0 -1
3 5 6 1 0 2
haar_x4
2.255349e-02 1 0
2
0 3 4 18 0 -1
2 3 2 18 0 2
haar_x2
-2.912303e-02 -1 -2
4.905652e-01 1.877501e-01 -1.551274e-01 
2
2
14 4 1 2 0 -1
14 4 1 1 0 2
tilted_haar_x2
-1.104153e-02 0 1
2
13 0 4 3 0 -1
12 1 4 1 0 3
tilted_haar_x3
2.025046e-02 -1 -2
-7.016851e-01 -4.928127e-02 3.593356e-01 
2
2
3 0 12 2 0 -1
3 1 12 1 0 2
haar_y2
-2.178053e-02 1 0
2
5 2 3 5 0 -1
6 3 1 5 0 3
tilted_haar_x3
-3.411021e-02 -1 -2
-9.985333e-02 6.625197e-01 6.999160e-02 
2
2
13 4 2 1 0 -1
13 4 1 1 0 2
haar_x2
5.038539e-05 1 0
2
13 2 2 1 0 -1
13 2 1 1 0 2
haar_x2
-4.618616e-03 -1 -2
7.356074e-02 3.970319e-01 -3.020362e-02 
2
2
3 4 2 1 0 -1
4 4 1 1 0 2
haar_x2
-5.166318e-04 1 0
2
3 2 2 1 0 -1
4 2 1 1 0 2
haar_x2
-9.517743e-04 -1 -2
4.773775e-02 -6.773474e-01 -9.660981e-02 
2
2
5 7 8 4 0 -1
7 7 4 4 0 2
haar_x4
3.799757e-02 0 1
2
14 11 4 5 0 -1
14 11 2 5 0 2
tilted_haar_y2
1.066906e-02 -1 -2
-6.982781e-02 -2.041888e-01 9.224380e-02 
2
2
1 0 1 2 0 -1
1 1 1 1 0 2
haar_y2
-4.548311e-04 0 1
2
5 10 8 10 0 -1
5 15 8 5 0 2
haar_y2
-2.780798e-02 -1 -2
-1.475485e-01 2.209391e-01 -1.256039e-01 
2
2
14 19 3 3 0 -1
15 20 1 1 0 9
haar_point
-1.086492e-02 1 0
3
13 20 2 2 0 -1
14 20 1 1 0 2
13 21 1 1 0 2
haar_x2_y2
-2.965004e-03 -1 -2
-7.108444e-02 3.587153e-01 -5.415559e-02 
2
2
1 19 3 3 0 -1
2 20 1 1 0 9
haar_point
1.722866e-02 1 0
3
3 20 2 2 0 -1
3 20 1 1 0 2
4 21 1 1 0 2
haar_x2_y2
4.889241e-03 -1 -2
3.685309e-01 -4.099480e-02 5.178199e-01 
2
2
17 4 1 2 0 -1
17 5 1 1 0 2
haar_y2
-4.801770e-04 1 0
2
9 6 1 2 0 -1
9 6 1 1 0 2
tilted_haar_x2
1.477002e-02 -1 -2
5.886242e-02 5.214726e-03 -1.000009e+00 
2
2
0 4 1 2 0 -1
0 5 1 1 0 2
haar_y2
-5.684519e-04 1 0
2
9 6 2 1 0 -1
9 6 1 1 0 2
tilted_haar_x2
4.360087e-03 -1 -2
5.584805e-02 -3.168785e-01 2.315914e-01 
2
2
15 1 3 5 0 -1
16 1 1 5 0 3
haar_x3
-5.569657e-03 1 0
2
14 0 4 1 0 -1
15 0 2 1 0 2
haar_x4
-3.422518e-04 -1 -2
-8.623424e-02 -1.458345e-01 7.321763e-02 
2
2
6 14 6 4 0 -1
6 16 6 2 0 2
haar_y2
-3.191967e-02 0 1
2
8 14 1 2 0 -1
8 14 1 1 0 2
tilted_haar_y2
8.857134e-04 -1 -2
-4.442622e-01 -6.306264e-02 2.253210e-01 
2
3
16 2 2 6 0 -1
17 2 1 3 0 2
16 5 1 3 0 2
haar_x2_y2
6.309045e-03 1 0
2
16 7 1 4 0 -1
16 9 1 2 0 2
haar_y2
1.962574e-03 -1 -2
2.848865e-01 -5.275193e-02 1.222815e-01 
2
3
0 2 2 8 0 -1
0 2 1 4 0 2
1 6 1 4 0 2
haar_x2_y2
3.740980e-03 0 1
2
3 4 1 2 0 -1
3 4 1 1 0 2
tilted_haar_y2
-2.932511e-03 -1 -2
-1.893918e-01 -5.988100e-01 1.706507e-01 
2
3
13 4 4 16 0 -1
15 4 2 8 0 2
13 12 2 8 0 2
haar_x2_y2
1.852961e-02 1 0
3
15 16 2 4 0 -1
16 16 1 2 0 2
15 18 1 2 0 2
haar_x2_y2
-5.720408e-03 -1 -2
1.628756e-01 2.960335e-01 -3.277117e-02 
2
3
0 6 2 10 0 -1
0 6 1 5 0 2
1 11 1 5 0 2
haar_x2_y2
8.468836e-03 0 1
2
3 2 9 14 0 -1
3 9 9 7 0 2
haar_y2
1.952381e-01 -1 -2
-1.249989e-01 -5.980146e-03 5.861226e-01 
2
2
16 15 1 6 0 -1
16 15 1 3 0 2
tilted_haar_x2
1.548111e-02 0 1
2
9 19 2 1 0 -1
9 19 1 1 0 2
tilted_haar_y2
5.985116e-05 -1 -2
5.348082e-02 -7.028369e-02 7.457870e-02 
2
2
3 9 6 3 0 -1
2 10 6 1 0 3
tilted_haar_y3
1.840793e-02 1 0
2
9 7 8 1 0 -1
11 9 4 1 0 2
tilted_haar_x4
7.781421e-03 -1 -2
2.726320e-01 -2.650528e-01 2.366756e-02 
2
2
9 0 9 8 0 -1
7 2 9 4 0 2
tilted_haar_x4
2.264798e-01 1 0
2
14 6 4 1 0 -1
14 6 2 1 0 2
tilted_haar_y2
2.694216e-03 -1 -2
-9.169874e-01 -9.312453e-02 1.372519e-01 
2
2
9 4 4 2 0 -1
10 5 2 2 0 2
tilted_haar_x4
1.129444e-02 1 0
2
3 7 2 2 0 -1
3 7 2 1 0 2
tilted_haar_y2
-2.126233e-03 -1 -2
2.605920e-01 -4.243542e-01 2.116479e-03 
2
2
16 5 2 1 0 -1
16 5 1 1 0 2
haar_x2
-4.308600e-03 0 1
2
15 15 3 1 0 -1
16 15 1 1 0 3
haar_x3
6.431594e-03 -1 -2
3.480372e-01 -2.673980e-02 4.599917e-01 
2
2
0 5 2 1 0 -1
1 5 1 1 0 2
haar_x2
-9.842258e-04 1 0
2
8 0 8 2 0 -1
10 2 4 2 0 2
tilted_haar_x4
4.648941e-02 -1 -2
4.829457e-02 -3.504802e-01 3.603267e-01 
2
2
9 18 1 3 0 -1
8 19 1 1 0 3
tilted_haar_x3
-9.810450e-03 1 0
2
10 7 7 15 0 -1
10 12 7 5 0 3
haar_y3
1.657710e-01 -1 -2
-2.375208e-02 1.753196e-02 -4.002661e-01 
2
2
9 18 3 1 0 -1
10 19 1 1 0 3
tilted_haar_x3
-2.180124e-03 1 0
2
1 7 7 15 0 -1
1 12 7 5 0 3
haar_y3
-6.894296e-02 -1 -2
9.842229e-02 2.812894e-01 -3.531741e-01 
2
3
12 1 2 2 0 -1
13 1 1 1 0 2
12 2 1 1 0 2
haar_x2_y2
-3.174713e-03 0 1
2
16 15 1 6 0 -1
16 15 1 3 0 2
tilted_haar_x2
1.523530e-02 -1 -2
3.464902e-01 3.729583e-02 -3.163654e-01 
2
3
4 1 2 2 0 -1
4 1 1 1 0 2
5 2 1 1 0 2
haar_x2_y2
-4.828284e-03 0 1
2
9 5 8 4 0 -1
9 5 4 4 0 2
tilted_haar_x2
8.324258e-02 -1 -2
5.148218e-01 -3.957231e-02 -7.432608e-01 
2
2
10 1 3 2 0 -1
11 2 1 2 0 3
tilted_haar_y3
2.200161e-02 0 1
2
10 1 3 10 0 -1
11 2 1 10 0 3
tilted_haar_y3
1.095263e-01 -1 -2
1.036158e-02 3.525421e-03 -9.793375e-01 
2
2
8 1 2 3 0 -1
7 2 2 1 0 3
tilted_haar_y3
-6.080386e-03 0 1
2
8 1 10 3 0 -1
7 2 10 1 0 3
tilted_haar_y3
-7.183008e-03 -1 -2
-3.908783e-01 2.257794e-01 -6.979944e-02 
2
2
15 15 3 1 0 -1
16 15 1 1 0 3
haar_x3
-4.282074e-03 1 0
2
14 0 2 2 0 -1
14 0 2 1 0 2
tilted_haar_x2
-1.438882e-02 -1 -2
-2.668997e-02 3.831856e-01 -3.514751e-02 
2
2
0 15 3 1 0 -1
1 15 1 1 0 3
haar_x3
-5.452430e-03 1 0
2
4 0 2 2 0 -1
4 0 1 2 0 2
tilted_haar_x2
2.865943e-03 -1 -2
-3.187295e-02 -1.649789e-01 5.448596e-01 
2
2
9 3 2 1 0 -1
9 3 1 1 0 2
haar_x2
4.228756e-03 0 1
2
16 11 1 8 0 -1
16 15 1 4 0 2
haar_y2
-2.162008e-02 -1 -2
1.341437e-02 -7.718701e-01 1.412434e-02 
2
2
7 3 2 1 0 -1
8 3 1 1 0 2
haar_x2
-1.258939e-03 0 1
2
1 11 1 8 0 -1
1 15 1 4 0 2
haar_y2
-2.437764e-03 -1 -2
-4.400394e-01 2.415769e-01 -5.512143e-02 
2
2
16 10 1 2 0 -1
16 11 1 1 0 2
haar_y2
-3.261906e-03 1 0
2
8 20 4 2 0 -1
8 20 2 2 0 2
haar_x2
1.650246e-03 -1 -2
-1.403657e-02 -6.351348e-02 1.325544e-01 
2
2
1 10 1 2 0 -1
1 11 1 1 0 2
haar_y2
5.871216e-04 0 1
2
2 9 14 5 0 -1
9 9 7 5 0 2
haar_x2
-1.969365e-02 -1 -2
8.542812e-02 1.390815e-01 -4.427946e-01 
2
2
2 5 16 4 0 -1
2 6 16 2 0 2
haar_y4
-7.049792e-03 0 1
2
9 0 6 8 0 -1
9 0 3 8 0 2
tilted_haar_y2
-2.929621e-01 -1 -2
1.608667e-01 -8.734933e-01 1.987977e-03 
2
2
2 7 12 8 0 -1
8 7 6 8 0 2
haar_x2
1.418692e-01 0 1
2
2 5 1 12 0 -1
2 11 1 6 0 2
haar_y2
-2.764562e-04 -1 -2
-1.441506e-01 3.709529e-01 -1.597883e-01 
2
3
13 1 2 2 0 -1
14 1 1 1 0 2
13 2 1 1 0 2
haar_x2_y2
-3.732414e-03 0 1
2
16 8 2 6 0 -1
16 8 2 3 0 2
tilted_haar_x2
-5.120493e-02 -1 -2
4.023006e-01 -4.267123e-01 3.576795e-02 
2
2
1 2 16 20 0 -1
1 12 16 10 0 2
haar_y2
4.461374e-01 1 0
3
3 1 2 2 0 -1
3 1 1 1 0 2
4 2 1 1 0 2
haar_x2_y2
-4.148480e-03 -1 -2
4.785381e-01 3.851304e-01 -1.111192e-01 
2
2
0 13 18 3 0 -1
0 14 18 1 0 3
haar_y3
7.222748e-03 0 1
2
11 7 5 6 0 -1
11 10 5 3 0 2
haar_y2
6.934588e-02 -1 -2
-8.160502e-02 1.721672e-02 -4.599178e-01 
2
2
5 9 4 3 0 -1
4 10 4 1 0 3
tilted_haar_y3
1.304317e-02 1 0
2
3 6 8 8 0 -1
5 6 4 8 0 2
haar_x4
5.185860e-02 -1 -2
3.126555e-01 -8.487148e-02 3.327200e-01 
2
2
3 2 12 12 0 -1
3 5 12 6 0 2
haar_y4
-1.311055e-01 0 1
2
6 7 6 12 0 -1
6 11 6 4 0 3
haar_y3
-5.271674e-02 -1 -2
-5.667890e-01 -8.346041e-01 1.683965e-02 
2
2
2 2 8 3 0 -1
2 3 8 1 0 3
haar_y3
1.934481e-02 1 0
2
5 1 2 1 0 -1
5 1 1 1 0 2
tilted_haar_x2
-7.418464e-03 -1 -2
-6.481188e-01 4.957704e-01 5.103740e-03 
2
2
10 4 1 6 0 -1
8 6 1 2 0 3
tilted_haar_x3
-1.868150e-03 1 0
2
5 12 12 5 0 -1
8 12 6 5 0 2
haar_x4
1.154961e-01 -1 -2
-5.564003e-02 7.887521e-03 -8.918893e-01 
2
2
9 4 6 1 0 -1
11 6 2 1 0 3
tilted_haar_x3
1.841453e-02 1 0
2
1 12 12 4 0 -1
4 12 6 4 0 2
haar_x4
-1.579935e-02 -1 -2
3.138592e-01 3.093408e-01 -8.466128e-02 
2
2
9 5 9 1 0 -1
12 5 3 1 0 3
haar_x3
3.425615e-02 0 1
2
13 8 2 4 0 -1
13 8 1 4 0 2
haar_x2
1.882263e-03 -1 -2
8.682974e-03 -5.950364e-02 8.643094e-02 
2
2
0 5 9 1 0 -1
3 5 3 1 0 3
haar_x3
-2.456723e-03 0 1
2
3 8 2 4 0 -1
4 8 1 4 0 2
haar_x2
-2.783962e-03 -1 -2
1.119342e-01 2.964407e-01 -2.243378e-01 
2
2
3 17 13 2 0 -1
3 18 13 1 0 2
haar_y2
1.684769e-02 1 0
2
12 21 3 1 0 -1
13 21 1 1 0 3
haar_x3
3.982997e-03 -1 -2
-7.090455e-01 -3.643597e-02 3.248608e-01 
2
2
3 0 2 1 0 -1
4 0 1 1 0 2
haar_x2
8.169867e-04 1 0
2
3 0 2 1 0 -1
4 0 1 1 0 2
haar_x2
-1.042740e-03 -1 -2
-2.458677e-01 -1.322259e-01 1.794362e-01 
2
2
12 0 6 4 0 -1
12 1 6 2 0 2
haar_y4
-7.892090e-02 1 0
2
8 1 6 3 0 -1
8 2 6 1 0 3
haar_y3
4.223933e-03 -1 -2
3.801688e-03 -2.903030e-02 9.724113e-02 
2
2
0 0 6 4 0 -1
0 1 6 2 0 2
haar_y4
-5.060860e-03 1 0
2
4 1 6 3 0 -1
4 2 6 1 0 3
haar_y3
-3.881676e-03 -1 -2
-1.021774e-01 -1.854473e-01 3.522590e-01 
2
2
14 0 1 3 0 -1
14 1 1 1 0 3
haar_y3
4.754608e-03 1 0
2
13 2 4 9 0 -1
13 2 2 9 0 2
tilted_haar_y2
-4.909959e-02 -1 -2
3.159101e-01 7.276165e-02 -4.910349e-02 
2
2
3 0 1 3 0 -1
3 1 1 1 0 3
haar_y3
6.786251e-03 1 0
2
5 2 9 4 0 -1
5 2 9 2 0 2
tilted_haar_y2
-2.468964e-02 -1 -2
4.159726e-01 1.151266e-01 -1.698708e-01 
2
2
9 2 6 7 0 -1
11 4 2 7 0 3
tilted_haar_y3
-1.876312e-01 1 0
2
5 10 10 4 0 -1
5 11 10 2 0 2
haar_y4
-1.539294e-03 -1 -2
7.876903e-03 9.018373e-02 -3.345624e-02 
2
2
9 2 7 6 0 -1
7 4 7 2 0 3
tilted_haar_y3
4.678108e-02 1 0
2
3 10 10 4 0 -1
3 11 10 2 0 2
haar_y4
5.587844e-03 -1 -2
2.312222e-01 -2.830190e-01 7.506301e-02 
2
2
12 21 3 1 0 -1
13 21 1 1 0 3
haar_x3
-3.618427e-03 0 1
3
11 20 2 2 0 -1
12 20 1 1 0 2
11 21 1 1 0 2
haar_x2_y2
3.503515e-03 -1 -2
3.417644e-01 -2.733875e-02 4.015611e-01 
2
2
3 21 3 1 0 -1
4 21 1 1 0 3
haar_x3
-6.066608e-03 0 1
3
5 20 2 2 0 -1
5 20 1 1 0 2
6 21 1 1 0 2
haar_x2_y2
-5.399417e-03 -1 -2
4.072647e-01 4.745671e-01 -1.097126e-01 
2
2
7 5 5 12 0 -1
7 9 5 4 0 3
haar_y3
1.458953e-01 1 0
2
9 5 3 1 0 -1
10 5 1 1 0 3
haar_x3
-5.591806e-03 -1 -2
-6.165005e-01 -5.156762e-01 2.006143e-02 
2
3
6 10 4 8 0 -1
6 10 2 4 0 2
8 14 2 4 0 2
haar_x2_y2
2.762302e-02 1 0
2
6 15 3 3 0 -1
7 15 1 3 0 3
haar_x3
5.088170e-03 -1 -2
-7.671254e-01 8.698525e-02 -3.413516e-01 
2
2
15 8 1 2 0 -1
15 9 1 1 0 2
haar_y2
5.757905e-05 0 1
2
9 14 1 4 0 -1
8 15 1 2 0 2
tilted_haar_x4
-1.089386e-02 -1 -2
-8.369491e-02 -5.182961e-01 2.217412e-03 
2
2
2 8 1 2 0 -1
2 9 1 1 0 2
haar_y2
-1.070912e-03 0 1
2
9 14 4 1 0 -1
10 15 2 1 0 2
tilted_haar_x4
7.533086e-03 -1 -2
-2.915487e-01 1.156992e-01 -6.524215e-01 
2
3
15 2 2 2 0 -1
16 2 1 1 0 2
15 3 1 1 0 2
haar_x2_y2
3.016653e-03 1 0
2
11 8 1 6 0 -1
9 10 1 2 0 3
tilted_haar_x3
2.256109e-02 -1 -2
2.800673e-01 -4.253904e-02 1.481790e-01 
2
3
1 2 2 2 0 -1
1 2 1 1 0 2
2 3 1 1 0 2
haar_x2_y2
4.856891e-03 1 0
2
7 8 6 1 0 -1
9 10 2 1 0 3
tilted_haar_x3
-1.081381e-02 -1 -2
3.417080e-01 2.984558e-01 -1.414211e-01 
2
2
7 6 5 9 0 -1
7 9 5 3 0 3
haar_y3
4.517129e-02 1 0
2
8 9 8 6 0 -1
8 12 8 3 0 2
haar_y2
-5.037563e-02 -1 -2
1.634858e-01 -2.503480e-01 1.952142e-02 
2
2
5 18 3 1 0 -1
6 19 1 1 0 3
tilted_haar_x3
6.612509e-03 1 0
3
2 19 4 2 0 -1
2 19 2 1 0 2
4 20 2 1 0 2
haar_x2_y2
6.006448e-03 -1 -2
-4.652019e-01 -7.102747e-02 3.401293e-01 
2
2
5 19 8 2 0 -1
5 19 4 2 0 2
haar_x2
1.781530e-02 1 0
2
10 12 6 7 0 -1
10 12 3 7 0 2
haar_x2
-7.767537e-03 -1 -2
3.881637e-01 -3.176617e-01 7.610204e-02 
2
2
5 2 8 6 0 -1
5 4 8 2 0 3
haar_y3
3.869436e-02 0 1
2
7 5 8 4 0 -1
7 5 4 4 0 2
tilted_haar_x2
-2.315985e-02 -1 -2
-1.017983e-01 -2.569740e-01 5.212058e-01 
2
2
14 5 1 10 0 -1
14 5 1 5 0 2
tilted_haar_x2
-5.139663e-02 0 1
2
13 4 3 3 0 -1
12 5 3 1 0 3
tilted_haar_x3
3.439505e-02 -1 -2
-4.261058e-01 1.821049e-02 -5.474809e-01 
2
2
4 5 10 1 0 -1
4 5 5 1 0 2
tilted_haar_x2
-2.220252e-02 0 1
2
5 5 3 1 0 -1
6 6 1 1 0 3
tilted_haar_x3
3.291688e-03 -1 -2
1.301839e-01 -3.574393e-01 1.321794e-01 
2
2
9 13 4 5 0 -1
10 13 2 5 0 2
haar_x4
1.381905e-02 1 0
2
12 2 4 11 0 -1
13 3 2 11 0 2
tilted_haar_y4
-2.077261e-02 -1 -2
-4.899242e-01 1.202869e-01 -5.000481e-02 
2
3
0 12 6 10 0 -1
0 12 3 5 0 2
3 17 3 5 0 2
haar_x2_y2
-2.231620e-02 1 0
3
1 8 10 10 0 -1
1 8 5 5 0 2
6 13 5 5 0 2
haar_x2_y2
2.818407e-02 -1 -2
-1.242648e-01 2.190180e-01 -2.384075e-01 
2
2
9 13 4 5 0 -1
10 13 2 5 0 2
haar_x4
-1.926560e-02 1 0
2
4 7 10 13 0 -1
4 7 5 13 0 2
haar_x2
-2.261994e-01 -1 -2
3.767201e-03 2.629125e-01 -2.576719e-02 
2
2
5 13 4 5 0 -1
6 13 2 5 0 2
haar_x4
2.959704e-04 1 0
2
4 7 10 13 0 -1
9 7 5 13 0 2
haar_x2
2.262375e-01 -1 -2
1.079045e-01 -2.313433e-01 3.201752e-01 
2
2
8 11 4 2 0 -1
8 12 4 1 0 2
haar_y2
-3.623066e-03 0 1
2
1 5 16 6 0 -1
1 7 16 2 0 3
haar_y3
3.340695e-02 -1 -2
1.499073e-01 -5.379277e-02 2.661721e-01 
2
2
9 3 6 6 0 -1
7 5 6 2 0 3
tilted_haar_y3
-1.642454e-02 0 1
2
9 6 5 2 0 -1
9 6 5 1 0 2
tilted_haar_y2
-7.797502e-03 -1 -2
1.375815e-01 7.785103e-02 -3.236543e-01 
2
2
9 5 4 7 0 -1
9 5 2 7 0 2
tilted_haar_y2
-1.523663e-01 0 1
2
8 11 2 2 0 -1
8 11 1 2 0 2
haar_x2
-1.755872e-03 -1 -2
-8.972452e-01 1.826671e-01 -8.810753e-02 
2
2
9 5 7 4 0 -1
9 5 7 2 0 2
tilted_haar_y2
-8.256815e-02 0 1
2
4 2 6 3 0 -1
7 2 3 3 0 2
haar_x2
-1.557449e-04 -1 -2
-5.792883e-01 2.136967e-01 -4.981748e-02 
2
2
3 3 14 2 0 -1
3 3 7 2 0 2
haar_x2
-6.240612e-02 1 0
2
8 2 3 2 0 -1
9 2 1 2 0 3
haar_x3
4.451071e-03 -1 -2
-3.396204e-02 2.679339e-02 -3.646254e-01 
2
2
1 3 14 2 0 -1
8 3 7 2 0 2
haar_x2
6.986132e-02 1 0
2
7 2 3 2 0 -1
8 2 1 2 0 3
haar_x3
-2.928632e-03 -1 -2
4.109166e-01 -4.637814e-01 3.029941e-02 
2
3
0 0 18 18 0 -1
9 0 9 9 0 2
0 9 9 9 0 2
haar_x2_y2
2.796934e-01 0 1
2
15 16 3 3 0 -1
16 17 1 3 0 3
tilted_haar_y3
1.556276e-02 -1 -2
2.592026e-02 -3.015206e-02 2.167026e-01 
2
2
3 16 3 3 0 -1
2 17 3 1 0 3
tilted_haar_y3
-1.439167e-02 0 1
2
3 16 1 3 0 -1
2 17 1 1 0 3
tilted_haar_y3
3.087856e-03 -1 -2
1.854066e-01 -2.121111e-01 9.102669e-02 
2
2
16 17 1 2 0 -1
16 18 1 1 0 2
haar_y2
-7.626865e-03 1 0
3
0 0 18 18 0 -1
9 0 9 9 0 2
0 9 9 9 0 2
haar_x2_y2
2.796934e-01 -1 -2
-5.989274e-03 2.809820e-02 -5.204448e-01 
2
2
1 17 1 2 0 -1
1 18 1 1 0 2
haar_y2
4.321492e-04 1 0
2
3 12 6 5 0 -1
5 12 2 5 0 3
haar_x3
3.106497e-02 -1 -2
-1.504981e-01 1.484193e-01 -4.102309e-01 
2
2
13 0 4 6 0 -1
14 1 2 6 0 2
tilted_haar_y4
-6.618939e-02 0 1
2
15 10 3 6 0 -1
15 12 3 2 0 3
haar_y3
-4.453761e-02 -1 -2
-6.633816e-01 -8.755206e-01 8.129663e-03 
2
2
5 0 6 4 0 -1
4 1 6 2 0 2
tilted_haar_y4
-3.434155e-02 0 1
2
0 9 11 3 0 -1
0 10 11 1 0 3
haar_y3
2.726165e-02 -1 -2
-6.096843e-01 4.949163e-02 -6.921800e-01 
2
2
8 8 8 10 0 -1
10 8 4 10 0 2
haar_x4
-1.678304e-02 1 0
2
7 2 5 18 0 -1
7 11 5 9 0 2
haar_y2
-6.940146e-02 -1 -2
-3.554001e-02 2.194688e-01 -4.205350e-02 
2
2
2 8 8 10 0 -1
4 8 4 10 0 2
haar_x4
4.978570e-02 1 0
2
6 3 6 14 0 -1
8 3 2 14 0 3
haar_x3
2.390462e-02 -1 -2
2.820039e-01 -1.568447e-01 1.277883e-01 
2
3
0 0 18 18 0 -1
9 0 9 9 0 2
0 9 9 9 0 2
haar_x2_y2
2.877548e-01 0 1
2
12 0 6 3 0 -1
11 1 6 1 0 3
tilted_haar_x3
-3.605534e-02 -1 -2
2.653578e-02 3.678030e-01 -3.822032e-02 
2
2
6 0 3 6 0 -1
7 1 1 6 0 3
tilted_haar_x3
-3.422363e-02 1 0
3
0 9 18 8 0 -1
0 9 9 4 0 2
9 13 9 4 0 2
haar_x2_y2
1.930408e-02 -1 -2
-9.310745e-02 -1.129271e-02 5.983920e-01 
2
2
8 14 2 1 0 -1
8 14 1 1 0 2
haar_x2
-5.609552e-05 1 0
2
8 14 2 1 0 -1
8 14 1 1 0 2
haar_x2
-5.609552e-05 -1 -2
-1.232269e-01 1.299739e-01 -1.232269e-01 
2
2
6 8 4 1 0 -1
7 8 2 1 0 2
haar_x4
-2.067674e-03 0 1
2
5 8 4 2 0 -1
6 8 2 2 0 2
haar_x4
4.519554e-03 -1 -2
2.136524e-01 -1.680345e-01 1.873970e-01 
2
2
12 5 2 12 0 -1
12 9 2 4 0 3
haar_y3
9.028051e-03 1 0
3
16 2 2 4 0 -1
17 2 1 2 0 2
16 4 1 2 0 2
haar_x2_y2
7.307050e-03 -1 -2
8.786920e-02 -4.126554e-02 2.671802e-01 
2
2
4 5 2 12 0 -1
4 9 2 4 0 3
haar_y3
6.645055e-02 1 0
3
0 2 2 4 0 -1
0 2 1 2 0 2
1 4 1 2 0 2
haar_x2_y2
7.622809e-03 -1 -2
-7.010589e-01 -7.316601e-02 3.361963e-01 
-1.648932e+00

18
-1
