12
2
2
7 11 2 4 0 -1
7 11 2 2 0 2
tilted_haar_y2
-2.272786e-05 1 0
2
2 16 1 4 0 -1
2 18 1 2 0 2
haar_y2
9.502588e-04 -1 -2
-8.059236e-01 5.186591e-01 -8.104383e-01 
2
2
7 10 6 4 0 -1
7 11 6 2 0 2
haar_y4
3.322606e-03 0 1
2
9 10 3 3 0 -1
10 11 1 1 0 9
haar_point
-1.594801e-04 -1 -2
-5.702274e-01 1.458384e-01 -2.699977e-01 
2
3
3 6 2 2 0 -1
3 6 1 1 0 2
4 7 1 1 0 2
haar_x2_y2
2.123224e-05 0 1
2
2 5 1 3 0 -1
2 6 1 1 0 3
haar_y3
-4.595566e-05 -1 -2
-5.455911e-01 6.272258e-01 -6.940569e-01 
2
2
14 0 4 20 0 -1
15 0 2 20 0 2
haar_x4
-1.389088e-02 0 1
2
6 7 6 13 0 -1
6 7 3 13 0 2
haar_x2
1.171825e-01 -1 -2
2.805177e-01 -1.425008e-01 7.535432e-01 
2
2
1 1 14 19 0 -1
8 1 7 19 0 2
haar_x2
3.478475e-01 1 0
2
9 8 6 1 0 -1
11 10 2 1 0 3
tilted_haar_x3
-1.680740e-02 -1 -2
7.605299e-01 2.066033e-01 -8.078226e-01 
2
2
16 1 2 3 0 -1
15 2 2 1 0 3
tilted_haar_x3
2.420634e-05 0 1
2
6 0 10 2 0 -1
6 1 10 1 0 2
haar_y2
2.222952e-02 -1 -2
-4.323404e-01 -3.912646e-01 6.508203e-01 
2
2
2 7 11 8 0 -1
2 9 11 4 0 2
haar_y4
3.316262e-03 0 1
2
9 0 8 2 0 -1
11 2 4 2 0 2
tilted_haar_x4
-1.242388e-03 -1 -2
-9.223741e-01 5.477893e-01 -9.219431e-01 
2
2
16 0 2 10 0 -1
16 0 1 10 0 2
haar_x2
-4.720229e-05 0 1
2
16 5 2 11 0 -1
16 5 1 11 0 2
haar_x2
8.936595e-04 -1 -2
7.564355e-02 -4.240728e-01 2.312604e-02 
2
2
0 0 2 5 0 -1
1 0 1 5 0 2
haar_x2
-1.531473e-02 0 1
2
0 5 2 10 0 -1
1 5 1 10 0 2
haar_x2
3.745604e-02 -1 -2
6.190519e-01 -7.133918e-01 7.679006e-01 
2
2
9 0 9 4 0 -1
12 3 3 4 0 3
tilted_haar_y3
-3.207112e-05 1 0
2
10 2 7 4 0 -1
10 2 7 2 0 2
tilted_haar_x2
3.073881e-05 -1 -2
-8.851205e-01 -6.402156e-01 2.181536e-01 
2
2
8 2 4 7 0 -1
8 2 2 7 0 2
tilted_haar_x2
-3.699538e-05 1 0
2
1 16 3 3 0 -1
1 17 3 1 0 3
haar_y3
3.504207e-03 -1 -2
-9.704315e-01 6.401140e-01 -8.277089e-01 
2
2
14 5 4 5 0 -1
14 5 2 5 0 2
tilted_haar_y2
2.306065e-05 1 0
2
0 5 18 14 0 -1
0 5 9 14 0 2
haar_x2
6.067743e-01 -1 -2
2.779630e-01 -5.274161e-01 9.012076e-01 
-2.143133e+00

11
-1
