6
2
3
3 6 2 2 0 -1
3 6 1 1 0 2
4 7 1 1 0 2
haar_x2_y2
8.477925e-04 0 1
2
2 6 1 2 0 -1
2 7 1 1 0 2
haar_y2
2.586738e-05 -1 -2
-4.730743e-01 -5.271189e-01 6.968116e-01 
2
2
9 2 2 2 0 -1
9 3 2 1 0 2
haar_y2
-2.415947e-04 1 0
2
15 16 1 4 0 -1
15 18 1 2 0 2
haar_y2
2.928806e-04 -1 -2
-4.239705e-01 1.755406e-01 -5.548494e-01 
2
2
1 16 15 4 0 -1
1 17 15 2 0 2
haar_y4
-5.979139e-03 1 0
2
2 16 1 4 0 -1
2 17 1 2 0 2
haar_y4
-1.554791e-03 -1 -2
-7.323474e-01 -8.989933e-01 5.513929e-01 
2
2
7 4 6 5 0 -1
9 4 2 5 0 3
haar_x3
6.187502e-02 0 1
2
9 8 1 6 0 -1
7 10 1 2 0 3
tilted_haar_x3
-2.682869e-02 -1 -2
-2.632083e-01 -7.652235e-01 2.018244e-02 
2
2
2 2 14 14 0 -1
2 9 14 7 0 2
haar_y2
5.532762e-02 0 1
2
2 7 6 7 0 -1
5 7 3 7 0 2
haar_x2
1.059438e-03 -1 -2
-7.683764e-01 5.201528e-01 -6.548670e-01 
2
2
1 9 16 11 0 -1
1 9 8 11 0 2
haar_x2
-3.533384e-01 1 0
2
9 7 1 6 0 -1
7 9 1 2 0 3
tilted_haar_x3
-1.718562e-02 -1 -2
-2.220280e-01 -7.497850e-01 9.393574e-02 
-1.570630e+00

9
-1
