88
2
2
0 0 3 21 0 -1
1 7 1 7 0 9
haar_point
-1.511201e-01 0 1
2
5 8 8 14 0 -1
9 8 4 14 0 2
haar_x2
-2.388537e-02 -1 -2
3.349133e-01 1.211428e-01 -3.160512e-01 
2
2
13 0 1 3 0 -1
13 1 1 1 0 3
haar_y3
-3.383285e-03 0 1
3
11 20 4 2 0 -1
13 20 2 1 0 2
11 21 2 1 0 2
haar_x2_y2
-1.264343e-03 -1 -2
3.288262e-01 1.300840e-01 -8.857448e-02 
2
2
4 0 1 3 0 -1
4 1 1 1 0 3
haar_y3
-5.773080e-03 0 1
3
3 20 4 2 0 -1
3 20 2 1 0 2
5 21 2 1 0 2
haar_x2_y2
-5.123275e-03 -1 -2
2.962093e-01 1.533814e-01 -2.479460e-01 
2
2
13 7 3 12 0 -1
9 11 3 4 0 3
tilted_haar_x3
-5.851500e-02 0 1
2
13 3 2 2 0 -1
13 3 2 1 0 2
tilted_haar_x2
-5.930446e-03 -1 -2
-3.586158e-01 6.066059e-02 -8.014571e-02 
2
2
8 6 9 5 0 -1
11 9 3 5 0 3
tilted_haar_x3
8.670801e-02 0 1
3
2 8 14 10 0 -1
2 8 7 5 0 2
9 13 7 5 0 2
haar_x2_y2
-1.254580e-01 -1 -2
-1.268485e-01 -7.851150e-01 2.481929e-01 
2
2
10 20 6 1 0 -1
10 20 3 1 0 2
haar_x2
-1.002898e-02 1 0
3
10 0 6 6 0 -1
13 0 3 3 0 2
10 3 3 3 0 2
haar_x2_y2
1.821497e-02 -1 -2
-3.531086e-02 -1.091433e-01 1.557167e-01 
2
3
0 12 2 4 0 -1
0 12 1 2 0 2
1 14 1 2 0 2
haar_x2_y2
-1.025559e-02 0 1
3
2 5 14 6 0 -1
2 5 7 3 0 2
9 8 7 3 0 2
haar_x2_y2
-7.551175e-02 -1 -2
4.493898e-01 3.686301e-01 -8.481949e-02 
2
2
14 6 2 1 0 -1
14 6 1 1 0 2
haar_x2
4.299224e-03 0 1
2
4 11 10 10 0 -1
4 16 10 5 0 2
haar_y2
-1.278140e-02 -1 -2
1.247954e-02 4.835994e-02 -3.369934e-01 
2
2
2 6 2 1 0 -1
3 6 1 1 0 2
haar_x2
-5.196035e-04 0 1
2
4 11 10 10 0 -1
4 16 10 5 0 2
haar_y2
-1.301510e-02 -1 -2
-3.161626e-01 1.159178e-01 -3.327552e-01 
2
2
13 8 4 4 0 -1
14 9 2 4 0 2
tilted_haar_y4
-1.828697e-02 0 1
2
9 8 4 4 0 -1
10 9 2 4 0 2
tilted_haar_y4
-3.974648e-02 -1 -2
2.966725e-01 -7.512420e-01 3.518965e-04 
2
2
5 8 4 4 0 -1
4 9 4 2 0 2
tilted_haar_y4
-4.896507e-03 0 1
2
9 3 7 4 0 -1
8 4 7 2 0 2
tilted_haar_y4
1.919331e-02 -1 -2
1.801428e-01 -2.398154e-01 1.979945e-01 
2
2
1 1 16 1 0 -1
5 1 8 1 0 2
haar_x4
-4.013724e-02 0 1
3
11 20 4 2 0 -1
13 20 2 1 0 2
11 21 2 1 0 2
haar_x2_y2
9.170807e-03 -1 -2
2.945327e-01 -1.368368e-02 3.499351e-01 
2
2
6 8 4 4 0 -1
5 9 4 2 0 2
tilted_haar_y4
1.951902e-02 0 1
2
1 8 15 12 0 -1
1 14 15 6 0 2
haar_y2
-1.552638e-01 -1 -2
-1.332548e-01 -7.625110e-01 3.092375e-01 
2
2
12 3 1 2 0 -1
12 3 1 1 0 2
tilted_haar_x2
-9.647243e-03 1 0
2
13 10 2 3 0 -1
13 10 1 3 0 2
tilted_haar_y2
1.274811e-03 -1 -2
1.135255e-02 -7.415177e-02 5.589861e-02 
2
2
6 3 2 1 0 -1
6 3 1 1 0 2
tilted_haar_x2
2.136150e-03 1 0
2
5 10 3 2 0 -1
5 10 3 1 0 2
tilted_haar_y2
-5.132108e-03 -1 -2
-4.793854e-01 3.735033e-01 -2.734392e-02 
2
2
11 8 6 8 0 -1
11 8 3 8 0 2
tilted_haar_y2
1.512835e-01 0 1
2
11 1 4 1 0 -1
11 1 2 1 0 2
tilted_haar_y2
1.971321e-02 -1 -2
9.858943e-03 5.930847e-03 -4.813820e-01 
2
2
7 8 8 6 0 -1
7 8 8 3 0 2
tilted_haar_y2
2.265490e-02 0 1
2
7 1 1 4 0 -1
7 1 1 2 0 2
tilted_haar_y2
-6.429899e-03 -1 -2
-3.040385e-01 -3.671338e-01 1.090686e-01 
2
2
8 4 3 1 0 -1
9 4 1 1 0 3
haar_x3
-2.198464e-03 1 0
2
11 16 2 4 0 -1
11 16 2 2 0 2
tilted_haar_x2
-2.884128e-02 -1 -2
3.017615e-02 -6.831103e-01 6.651131e-03 
2
2
7 16 4 2 0 -1
7 16 2 2 0 2
tilted_haar_x2
2.343776e-03 1 0
2
4 17 9 3 0 -1
7 17 3 3 0 3
haar_x3
1.181755e-02 -1 -2
9.686431e-02 -3.470301e-01 6.215953e-02 
2
2
9 17 3 2 0 -1
9 17 3 1 0 2
tilted_haar_x2
-2.165740e-03 1 0
2
16 4 1 2 0 -1
16 5 1 1 0 2
haar_y2
2.348060e-03 -1 -2
-5.812299e-02 -3.080596e-02 1.685382e-01 
2
2
9 17 2 3 0 -1
9 17 1 3 0 2
tilted_haar_x2
8.452035e-03 1 0
2
5 11 1 8 0 -1
5 15 1 4 0 2
haar_y2
-1.755975e-02 -1 -2
-4.106840e-01 -5.063987e-01 1.166736e-01 
2
3
10 20 6 2 0 -1
13 20 3 1 0 2
10 21 3 1 0 2
haar_x2_y2
3.646712e-03 1 0
3
14 4 2 2 0 -1
15 4 1 1 0 2
14 5 1 1 0 2
haar_x2_y2
-4.300893e-03 -1 -2
1.329444e-01 4.894838e-01 -4.149601e-02 
2
2
7 4 3 1 0 -1
8 4 1 1 0 3
haar_x3
3.671490e-03 1 0
2
3 4 12 3 0 -1
9 4 6 3 0 2
haar_x2
-5.198617e-02 -1 -2
-5.727468e-01 4.313020e-01 -3.719021e-02 
2
3
16 6 2 10 0 -1
17 6 1 5 0 2
16 11 1 5 0 2
haar_x2_y2
-8.849769e-03 1 0
2
14 2 4 1 0 -1
14 2 2 1 0 2
tilted_haar_y2
1.376049e-02 -1 -2
-6.773560e-02 2.161930e-02 -3.751620e-01 
2
3
0 6 2 10 0 -1
0 6 1 5 0 2
1 11 1 5 0 2
haar_x2_y2
1.529205e-02 1 0
2
4 2 1 4 0 -1
4 2 1 2 0 2
tilted_haar_y2
-5.811336e-03 -1 -2
3.671297e-01 -3.015996e-01 7.583140e-02 
2
2
12 9 4 9 0 -1
9 12 4 3 0 3
tilted_haar_x3
1.522766e-01 0 1
2
11 6 2 3 0 -1
10 7 2 1 0 3
tilted_haar_x3
-2.051701e-02 -1 -2
4.600561e-03 -3.791837e-01 1.228888e-02 
2
2
6 9 9 4 0 -1
9 12 3 4 0 3
tilted_haar_x3
-3.466254e-02 0 1
2
7 6 3 2 0 -1
8 7 1 2 0 3
tilted_haar_x3
1.053181e-02 -1 -2
3.665394e-01 -1.216193e-01 2.714163e-01 
2
2
14 16 2 6 0 -1
14 19 2 3 0 2
haar_y2
7.780653e-03 0 1
2
9 7 2 8 0 -1
7 9 2 4 0 2
tilted_haar_x4
-5.473568e-02 -1 -2
-6.313836e-02 -8.309025e-01 1.062464e-02 
2
2
2 16 2 6 0 -1
2 19 2 3 0 2
haar_y2
1.058645e-02 0 1
2
9 7 8 2 0 -1
11 9 4 2 0 2
tilted_haar_x4
1.870873e-03 -1 -2
-5.999709e-02 -2.598147e-01 3.105735e-01 
2
2
11 16 1 2 0 -1
11 17 1 1 0 2
haar_y2
-1.789227e-04 1 0
2
9 7 6 4 0 -1
11 7 2 4 0 3
haar_x3
-9.916308e-03 -1 -2
-1.385696e-01 1.596464e-01 -6.243356e-02 
2
2
9 14 6 1 0 -1
9 14 3 1 0 2
tilted_haar_x2
2.511657e-02 1 0
2
6 16 1 2 0 -1
6 17 1 1 0 2
haar_y2
-4.698425e-05 -1 -2
-7.570755e-01 1.893973e-01 -7.538090e-02 
2
2
10 5 1 3 0 -1
9 6 1 1 0 3
tilted_haar_x3
1.584974e-02 0 1
2
6 16 6 1 0 -1
8 16 2 1 0 3
haar_x3
1.901404e-03 -1 -2
2.182324e-03 -1.003298e-01 1.396249e-01 
2
2
8 5 3 1 0 -1
9 6 1 1 0 3
tilted_haar_x3
-5.439308e-03 0 1
2
6 16 6 1 0 -1
8 16 2 1 0 3
haar_x3
1.608083e-03 -1 -2
2.569683e-01 -1.852410e-01 9.581630e-02 
2
2
8 14 3 5 0 -1
9 14 1 5 0 3
haar_x3
-1.352431e-02 1 0
2
13 16 1 3 0 -1
13 17 1 1 0 3
haar_y3
-9.776249e-04 -1 -2
1.147486e-02 -1.042297e-01 4.022900e-02 
2
2
7 14 3 5 0 -1
8 14 1 5 0 3
haar_x3
6.687012e-03 1 0
2
4 16 1 3 0 -1
4 17 1 1 0 3
haar_y3
-9.486791e-04 -1 -2
-4.027382e-01 -2.049502e-01 1.053572e-01 
2
3
4 17 10 2 0 -1
9 17 5 1 0 2
4 18 5 1 0 2
haar_x2_y2
1.150015e-03 0 1
2
15 15 3 4 0 -1
16 16 1 4 0 3
tilted_haar_y3
3.117679e-02 -1 -2
-1.057486e-01 -1.663905e-02 4.768463e-01 
2
2
2 12 14 8 0 -1
2 16 14 4 0 2
haar_y2
-1.695158e-01 0 1
2
1 2 3 3 0 -1
1 3 3 1 0 3
haar_y3
-1.723361e-03 -1 -2
-7.625130e-01 2.444861e-01 -1.628692e-02 
2
2
16 0 2 1 0 -1
16 0 1 1 0 2
haar_x2
2.415171e-04 0 1
2
16 0 2 1 0 -1
16 0 1 1 0 2
haar_x2
2.415171e-04 -1 -2
9.513524e-02 9.513524e-02 -2.402217e-01 
2
2
0 8 18 3 0 -1
0 9 18 1 0 3
haar_y3
3.128598e-02 1 0
2
9 8 3 3 0 -1
8 9 3 1 0 3
tilted_haar_y3
8.910561e-03 -1 -2
-6.806104e-01 -6.793575e-02 2.036870e-01 
2
2
17 6 1 2 0 -1
17 7 1 1 0 2
haar_y2
5.946569e-03 1 0
2
9 7 3 1 0 -1
10 8 1 1 0 3
tilted_haar_y3
-1.928300e-03 -1 -2
6.903023e-01 9.416409e-02 -7.472104e-02 
2
2
6 6 3 4 0 -1
7 6 1 4 0 3
haar_x3
-5.448366e-04 1 0
2
0 6 4 4 0 -1
0 7 4 2 0 2
haar_y4
9.222276e-03 -1 -2
-1.341637e-01 1.721725e-01 -4.742585e-01 
2
2
16 2 2 1 0 -1
16 2 1 1 0 2
haar_x2
6.256658e-03 1 0
2
16 1 2 3 0 -1
15 2 2 1 0 3
tilted_haar_x3
-7.663869e-03 -1 -2
6.675445e-01 2.280591e-01 -1.287420e-01 
2
2
4 16 1 3 0 -1
4 17 1 1 0 3
haar_y3
1.277956e-03 1 0
3
2 20 6 2 0 -1
2 20 3 1 0 2
5 21 3 1 0 2
haar_x2_y2
5.472430e-03 -1 -2
-3.014141e-01 -2.721187e-02 3.123083e-01 
2
2
11 17 2 3 0 -1
11 17 1 3 0 2
tilted_haar_y2
1.051845e-02 1 0
2
7 19 4 3 0 -1
7 19 2 3 0 2
haar_x2
4.206685e-03 -1 -2
-4.652926e-01 -5.494658e-02 1.658631e-01 
2
2
8 18 2 2 0 -1
8 18 2 1 0 2
tilted_haar_y2
3.599498e-03 0 1
2
5 9 6 13 0 -1
8 9 3 13 0 2
haar_x2
-5.110246e-03 -1 -2
-8.724640e-02 6.416801e-01 1.236184e-01 
2
2
12 18 1 3 0 -1
11 19 1 1 0 3
tilted_haar_x3
1.274271e-02 0 1
2
15 16 3 6 0 -1
16 16 1 6 0 3
haar_x3
-3.232638e-03 -1 -2
1.746115e-02 1.327064e-01 -5.021259e-02 
2
2
6 18 3 1 0 -1
7 19 1 1 0 3
tilted_haar_x3
-2.638056e-03 0 1
2
0 16 3 6 0 -1
1 16 1 6 0 3
haar_x3
-1.017795e-02 -1 -2
-2.575319e-01 4.124086e-01 -1.121088e-02 
2
2
10 8 4 4 0 -1
11 9 2 4 0 2
tilted_haar_y4
5.690689e-02 0 1
2
5 6 8 6 0 -1
7 6 4 6 0 2
haar_x4
5.461802e-02 -1 -2
7.246566e-03 -3.693826e-02 2.419346e-01 
2
2
8 8 4 4 0 -1
7 9 4 2 0 2
tilted_haar_y4
-1.831666e-03 0 1
2
5 6 8 6 0 -1
7 6 4 6 0 2
haar_x4
-2.511139e-02 -1 -2
1.575644e-01 2.032980e-01 -2.002133e-01 
2
2
10 11 2 9 0 -1
10 11 1 9 0 2
tilted_haar_y2
-5.253194e-02 0 1
2
13 1 1 6 0 -1
11 3 1 2 0 3
tilted_haar_x3
-3.432577e-02 -1 -2
-6.084952e-01 -6.136345e-01 6.516156e-03 
2
2
8 11 9 2 0 -1
8 11 9 1 0 2
tilted_haar_y2
-2.447747e-02 0 1
2
5 1 6 1 0 -1
7 3 2 1 0 3
tilted_haar_x3
-1.037518e-02 -1 -2
-7.453647e-01 2.153952e-01 -6.186182e-02 
2
2
10 2 4 2 0 -1
10 3 4 1 0 2
haar_y2
-7.624439e-03 0 1
2
14 3 2 2 0 -1
14 3 2 1 0 2
tilted_haar_x2
1.578414e-02 -1 -2
2.811010e-01 -2.539604e-02 5.213121e-01 
2
2
3 2 11 3 0 -1
3 3 11 1 0 3
haar_y3
-9.728242e-03 0 1
2
7 9 1 10 0 -1
7 14 1 5 0 2
haar_y2
-1.030894e-02 -1 -2
-3.217564e-01 2.556361e-01 -4.976065e-02 
2
2
3 14 12 5 0 -1
6 14 6 5 0 2
haar_x4
2.137104e-02 1 0
2
0 10 18 5 0 -1
0 10 9 5 0 2
haar_x2
3.851866e-02 -1 -2
1.327945e-01 -2.935162e-02 1.735952e-01 
2
2
5 10 4 3 0 -1
5 11 4 1 0 3
haar_y3
1.747214e-02 1 0
3
3 20 6 2 0 -1
3 20 3 1 0 2
6 21 3 1 0 2
haar_x2_y2
9.835567e-03 -1 -2
-7.149294e-01 -9.209731e-02 3.641724e-01 
2
2
14 19 3 3 0 -1
15 20 1 1 0 9
haar_point
-6.926568e-03 0 1
3
14 19 2 2 0 -1
15 19 1 1 0 2
14 20 1 1 0 2
haar_x2_y2
-3.731923e-03 -1 -2
2.179438e-01 3.415817e-01 -2.879714e-02 
2
3
0 6 2 4 0 -1
0 6 1 2 0 2
1 8 1 2 0 2
haar_x2_y2
9.011379e-03 1 0
2
2 6 1 4 0 -1
2 8 1 2 0 2
haar_y2
1.112271e-03 -1 -2
3.091873e-01 -3.192913e-02 -3.314411e-01 
2
2
11 1 3 4 0 -1
12 1 1 4 0 3
haar_x3
1.418814e-02 1 0
2
16 14 2 6 0 -1
16 17 2 3 0 2
haar_y2
-3.956363e-02 -1 -2
-4.452452e-01 7.251744e-01 -3.181391e-03 
2
2
4 1 3 4 0 -1
5 1 1 4 0 3
haar_x3
1.048396e-02 1 0
2
0 14 2 6 0 -1
0 17 2 3 0 2
haar_y2
4.508307e-02 -1 -2
-6.748230e-01 5.434548e-02 -6.459103e-01 
2
2
14 19 3 3 0 -1
15 20 1 1 0 9
haar_point
-2.739325e-02 0 1
3
14 19 2 2 0 -1
15 19 1 1 0 2
14 20 1 1 0 2
haar_x2_y2
3.548780e-03 -1 -2
3.657713e-01 -2.924754e-02 2.585686e-01 
2
2
0 2 2 1 0 -1
1 2 1 1 0 2
haar_x2
5.319470e-04 1 0
3
0 6 2 10 0 -1
0 6 1 5 0 2
1 11 1 5 0 2
haar_x2_y2
-3.612432e-03 -1 -2
-2.507809e-01 2.474249e-01 -4.649658e-02 
2
3
16 2 2 2 0 -1
17 2 1 1 0 2
16 3 1 1 0 2
haar_x2_y2
3.250676e-03 0 1
2
14 18 3 3 0 -1
15 19 1 1 0 9
haar_point
-1.674024e-02 -1 -2
-3.385419e-02 2.398766e-01 -2.698209e-02 
2
3
0 2 2 2 0 -1
0 2 1 1 0 2
1 3 1 1 0 2
haar_x2_y2
-5.214099e-03 0 1
2
1 18 3 3 0 -1
2 19 1 1 0 9
haar_point
-1.162854e-02 -1 -2
4.158772e-01 2.541953e-01 -7.960964e-02 
2
2
8 18 3 1 0 -1
9 18 1 1 0 3
haar_x3
5.093480e-05 1 0
2
16 13 2 4 0 -1
16 13 1 4 0 2
haar_x2
-5.280544e-03 -1 -2
9.884977e-02 2.253547e-01 -5.161514e-02 
2
2
0 0 2 19 0 -1
1 0 1 19 0 2
haar_x2
1.038794e-02 1 0
2
1 5 12 1 0 -1
1 5 6 1 0 2
tilted_haar_x2
-1.877466e-02 -1 -2
2.591389e-01 1.011265e-02 -2.871635e-01 
2
2
16 1 2 3 0 -1
15 2 2 1 0 3
tilted_haar_x3
1.161612e-02 0 1
2
11 18 1 3 0 -1
10 19 1 1 0 3
tilted_haar_x3
-5.012652e-03 -1 -2
-6.570716e-02 -1.565839e-01 2.654256e-02 
2
2
2 1 3 2 0 -1
3 2 1 2 0 3
tilted_haar_x3
4.306802e-03 1 0
3
1 1 2 6 0 -1
1 1 1 3 0 2
2 4 1 3 0 2
haar_x2_y2
1.535457e-03 -1 -2
2.660032e-01 -1.963075e-01 1.029511e-01 
2
2
16 4 1 2 0 -1
16 5 1 1 0 2
haar_y2
2.326301e-03 0 1
2
8 21 4 1 0 -1
8 21 2 1 0 2
haar_x2
-3.230202e-03 -1 -2
-3.657133e-02 1.350707e-01 -4.598061e-02 
2
2
1 4 1 2 0 -1
1 5 1 1 0 2
haar_y2
-4.323909e-04 1 0
2
2 4 1 2 0 -1
2 5 1 1 0 2
haar_y2
-5.244703e-04 -1 -2
1.313533e-01 -3.848614e-01 4.717186e-02 
2
2
12 5 6 3 0 -1
14 5 2 3 0 3
haar_x3
1.349078e-02 0 1
2
1 6 16 1 0 -1
1 6 8 1 0 2
haar_x2
-1.495618e-02 -1 -2
-5.322941e-02 8.835290e-02 -8.513527e-02 
2
2
0 5 6 3 0 -1
2 5 2 3 0 3
haar_x3
-7.653911e-03 0 1
2
1 6 16 1 0 -1
9 6 8 1 0 2
haar_x2
1.511196e-02 -1 -2
1.934682e-01 -2.698257e-01 1.071267e-01 
2
3
5 6 8 4 0 -1
9 6 4 2 0 2
5 8 4 2 0 2
haar_x2_y2
-1.381314e-02 1 0
2
13 15 2 6 0 -1
13 18 2 3 0 2
haar_y2
-2.890918e-02 -1 -2
-8.426030e-02 -5.290734e-01 6.209299e-03 
2
2
9 0 9 6 0 -1
9 0 9 3 0 2
tilted_haar_y2
-4.533299e-02 1 0
2
0 8 8 9 0 -1
0 11 8 3 0 3
haar_y3
-1.552030e-02 -1 -2
-4.990491e-02 4.864058e-01 4.798817e-02 
2
2
1 6 16 5 0 -1
5 6 8 5 0 2
haar_x4
1.402667e-01 1 0
2
6 11 12 1 0 -1
10 11 4 1 0 3
haar_x3
4.553942e-02 -1 -2
-6.583081e-01 1.569997e-02 -8.912356e-01 
2
2
6 1 3 5 0 -1
7 1 1 5 0 3
haar_x3
-9.773804e-03 0 1
2
0 11 12 1 0 -1
4 11 4 1 0 3
haar_x3
-3.088126e-02 -1 -2
-5.200890e-01 -6.918148e-01 6.800334e-02 
2
3
11 0 2 2 0 -1
12 0 1 1 0 2
11 1 1 1 0 2
haar_x2_y2
-6.641637e-03 0 1
2
7 0 5 2 0 -1
7 1 5 1 0 2
haar_y2
9.403430e-03 -1 -2
4.892561e-01 -4.677395e-02 3.273287e-01 
2
2
1 0 15 2 0 -1
1 1 15 1 0 2
haar_y2
-7.410246e-03 0 1
2
0 0 6 5 0 -1
3 0 3 5 0 2
haar_x2
-4.874210e-02 -1 -2
8.542315e-02 -5.597051e-01 -6.528027e-02 
2
2
9 12 3 9 0 -1
10 12 1 9 0 3
haar_x3
1.555203e-02 1 0
2
8 15 4 5 0 -1
9 15 2 5 0 2
haar_x4
-1.395314e-02 -1 -2
-5.444769e-01 -6.284359e-01 7.443367e-03 
2
2
0 0 18 2 0 -1
9 0 9 2 0 2
haar_x2
9.859791e-02 1 0
2
0 0 18 1 0 -1
9 0 9 1 0 2
haar_x2
-4.673351e-02 -1 -2
-4.884090e-01 -4.283724e-01 7.887007e-02 
2
2
6 9 12 3 0 -1
9 9 6 3 0 2
haar_x4
-3.916959e-03 1 0
3
2 7 14 4 0 -1
9 7 7 2 0 2
2 9 7 2 0 2
haar_x2_y2
4.404281e-02 -1 -2
5.042291e-02 -4.204899e-02 2.727734e-01 
2
2
0 9 12 3 0 -1
3 9 6 3 0 2
haar_x4
6.090692e-02 1 0
2
1 15 2 1 0 -1
2 15 1 1 0 2
haar_x2
-1.684708e-03 -1 -2
-5.582666e-01 -3.362443e-01 2.513776e-02 
2
2
12 21 3 1 0 -1
13 21 1 1 0 3
haar_x3
-3.225480e-03 1 0
2
11 5 2 3 0 -1
10 6 2 1 0 3
tilted_haar_x3
-2.656201e-02 -1 -2
-5.087749e-02 -7.003061e-01 6.445127e-03 
2
2
7 0 3 6 0 -1
8 0 1 6 0 3
haar_x3
-1.663466e-02 0 1
2
7 5 3 2 0 -1
8 6 1 2 0 3
tilted_haar_x3
8.663816e-03 -1 -2
-8.466796e-01 2.622433e-03 3.111063e-01 
2
2
12 7 2 6 0 -1
12 7 1 6 0 2
haar_x2
3.198772e-03 0 1
2
9 16 8 4 0 -1
11 16 4 4 0 2
haar_x4
-5.805003e-02 -1 -2
-1.084151e-01 -7.114031e-01 1.262447e-03 
2
2
8 7 2 7 0 -1
8 7 1 7 0 2
tilted_haar_x2
1.294906e-02 1 0
2
4 7 8 6 0 -1
6 7 4 6 0 2
haar_x4
-1.726878e-02 -1 -2
-3.856236e-01 3.460712e-01 2.142738e-02 
2
2
7 7 4 4 0 -1
7 7 2 4 0 2
haar_x2
5.401450e-03 0 1
2
14 9 1 8 0 -1
14 13 1 4 0 2
haar_y2
1.695245e-02 -1 -2
-9.760045e-02 1.012732e-02 -3.135844e-01 
2
2
8 11 2 2 0 -1
8 12 2 1 0 2
haar_y2
-6.927690e-04 0 1
2
7 7 4 6 0 -1
7 9 4 2 0 3
haar_y3
-7.453218e-03 -1 -2
2.050950e-01 2.048049e-01 -2.571933e-01 
2
2
14 9 1 8 0 -1
14 13 1 4 0 2
haar_y2
-1.131666e-02 0 1
2
9 12 3 6 0 -1
9 12 3 3 0 2
tilted_haar_x2
2.789624e-02 -1 -2
-2.748961e-01 -8.576544e-02 5.637607e-02 
-1.540846e+00

17
-1
