4
2
2
4 4 1 4 0 -1
4 5 1 2 0 2
haar_y4
-2.937424e-03 0 1
2
1 8 16 9 0 -1
9 8 8 9 0 2
haar_x2
4.127750e-01 -1 -2
6.031036e-01 -7.841296e-01 8.417588e-01 
2
2
2 1 13 2 0 -1
2 2 13 1 0 2
haar_y2
-7.215204e-03 1 0
2
14 11 4 3 0 -1
15 12 2 3 0 2
tilted_haar_x4
-9.063362e-04 -1 -2
-6.372205e-01 -9.277090e-01 7.012126e-01 
2
2
7 10 4 4 0 -1
7 11 4 2 0 2
haar_y4
3.675590e-03 0 1
2
7 2 3 16 0 -1
7 10 3 8 0 2
haar_y2
1.837242e-02 -1 -2
-5.930650e-01 7.088038e-01 -8.881842e-01 
2
2
5 17 10 3 0 -1
5 18 10 1 0 3
haar_y3
-7.494191e-03 1 0
2
4 6 12 6 0 -1
4 9 12 3 0 2
haar_y2
1.153471e-02 -1 -2
-5.956677e-01 -8.463967e-01 6.612226e-01 
-1.558943e+00

2
-1
