10
2
2
2 4 4 12 0 -1
2 7 4 6 0 2
haar_y4
8.067943e-02 0 1
2
8 2 2 5 0 -1
9 2 1 5 0 2
haar_x2
3.587195e-03 -1 -2
-4.981373e-01 -6.445442e-01 6.316956e-01 
2
2
1 1 17 6 0 -1
1 3 17 2 0 3
haar_y3
-7.951732e-02 1 0
2
5 2 9 9 0 -1
8 2 3 9 0 3
haar_x3
8.314937e-02 -1 -2
-4.642383e-01 -4.069959e-01 3.323779e-01 
2
2
6 17 1 2 0 -1
6 18 1 1 0 2
haar_y2
8.963380e-05 0 1
2
4 9 2 3 0 -1
5 9 1 3 0 2
haar_x2
-6.482296e-05 -1 -2
-3.392593e-01 5.491544e-01 -3.011668e-01 
2
2
16 10 2 1 0 -1
16 10 1 1 0 2
haar_x2
2.357814e-03 0 1
2
13 7 3 1 0 -1
14 7 1 1 0 3
haar_x3
-1.703223e-03 -1 -2
8.692256e-02 -7.147502e-01 1.196809e-01 
2
2
1 10 2 1 0 -1
2 10 1 1 0 2
haar_x2
5.119083e-05 0 1
2
7 0 5 3 0 -1
7 1 5 1 0 3
haar_y3
9.650622e-03 -1 -2
-5.314698e-01 -1.622559e-01 5.328137e-01 
2
2
7 10 5 4 0 -1
7 11 5 2 0 2
haar_y4
-1.270177e-02 0 1
2
7 8 5 6 0 -1
7 10 5 2 0 3
haar_y3
3.070294e-02 -1 -2
4.450363e-01 -1.592239e-01 3.580840e-01 
2
2
4 0 5 2 0 -1
4 1 5 1 0 2
haar_y2
-1.335216e-02 0 1
2
0 1 3 16 0 -1
1 1 1 16 0 3
haar_x3
1.865197e-02 -1 -2
4.729183e-01 -5.774512e-01 3.758165e-01 
2
2
11 6 3 1 0 -1
12 7 1 1 0 3
tilted_haar_y3
-7.490444e-03 0 1
3
12 7 2 2 0 -1
13 7 1 1 0 2
12 8 1 1 0 2
haar_x2_y2
-1.659608e-03 -1 -2
-7.655940e-01 -7.452573e-01 4.518121e-02 
2
2
6 5 4 10 0 -1
7 5 2 10 0 2
haar_x4
-1.313136e-02 0 1
2
5 6 8 5 0 -1
7 6 4 5 0 2
haar_x4
2.982270e-02 -1 -2
2.995212e-01 -7.765065e-01 3.629264e-01 
2
2
8 12 3 7 0 -1
9 12 1 7 0 3
haar_x3
1.035153e-02 1 0
2
11 6 3 1 0 -1
12 7 1 1 0 3
tilted_haar_y3
6.537329e-03 -1 -2
-8.744483e-01 1.143325e-02 -4.138581e-01 
-1.757508e+00

23
-1
