3
4
2
13 6 1 2 0 -1
13 7 1 1 0 2
haar_y2
1.298629e-03 2 1
2
10 12 6 2 0 -1
13 12 3 2 0 2
haar_x2
1.128460e-02 0 3
2
15 1 1 12 0 -1
15 1 1 6 0 2
tilted_haar_y2
-7.446308e-02 -1 -2
2
17 4 1 8 0 -1
17 4 1 4 0 2
tilted_haar_y2
2.952326e-03 -3 -4
-3.690029e-01 2.927155e-01 -8.815827e-01 7.913225e-01 -9.337183e-01 
4
2
7 1 2 14 0 -1
8 1 1 14 0 2
haar_x2
2.022916e-03 0 1
2
14 0 2 2 0 -1
14 0 1 2 0 2
tilted_haar_x2
3.612248e-03 3 2
2
10 2 4 3 0 -1
11 2 2 3 0 2
haar_x4
2.410637e-03 -1 -2
2
5 0 11 3 0 -1
5 1 11 1 0 3
haar_y3
1.908801e-02 -3 -4
-7.092250e-01 7.316805e-01 -6.463630e-01 -6.584769e-01 5.080425e-01 
4
2
2 5 1 3 0 -1
2 6 1 1 0 3
haar_y3
-2.180587e-05 1 0
2
15 10 3 4 0 -1
15 11 3 2 0 2
haar_y4
4.708650e-03 2 -1
2
15 9 3 6 0 -1
15 11 3 2 0 3
haar_y3
-7.855486e-03 -2 3
2
1 1 1 16 0 -1
1 5 1 8 0 2
haar_y4
-8.705664e-03 -3 -4
-7.654624e-01 -8.312930e-01 -9.228163e-01 -8.116393e-01 6.774775e-01 
-9.811952e-01

8
-1
