9
2
3
0 0 2 8 0 -1
0 0 1 4 0 2
1 4 1 4 0 2
haar_x2_y2
-1.488202e-02 1 0
3
1 0 12 4 0 -1
1 0 6 2 0 2
7 2 6 2 0 2
haar_x2_y2
2.275553e-02 -1 -2
-5.421834e-01 -5.915053e-01 6.148156e-01 
2
2
15 17 1 2 0 -1
15 17 1 1 0 2
tilted_haar_y2
3.168039e-05 0 1
2
8 8 8 12 0 -1
12 8 4 12 0 2
haar_x2
-3.842463e-03 -1 -2
-6.936902e-01 4.835746e-01 -6.366086e-01 
2
2
1 13 2 7 0 -1
2 13 1 7 0 2
haar_x2
-8.896955e-04 1 0
2
11 19 3 1 0 -1
12 19 1 1 0 3
haar_x3
-1.373226e-03 -1 -2
-6.172427e-01 -8.542544e-01 3.935661e-01 
2
3
7 0 10 2 0 -1
7 0 5 1 0 2
12 1 5 1 0 2
haar_x2_y2
-3.439067e-03 1 0
2
11 14 4 1 0 -1
11 14 2 1 0 2
tilted_haar_x2
1.145699e-02 -1 -2
-5.212793e-01 3.557377e-01 -9.129955e-01 
2
2
9 19 3 1 0 -1
10 19 1 1 0 3
haar_x3
-1.304937e-03 0 1
3
1 18 16 2 0 -1
1 18 8 1 0 2
9 19 8 1 0 2
haar_x2_y2
-1.296751e-03 -1 -2
-8.474381e-01 3.613198e-01 -5.234766e-01 
2
2
12 9 4 3 0 -1
12 10 4 1 0 3
haar_y3
3.240538e-05 0 1
2
0 0 9 3 0 -1
3 1 3 1 0 9
haar_point
-1.519648e-03 -1 -2
-7.307528e-01 2.109096e-01 -8.174635e-01 
2
2
1 4 6 14 0 -1
1 11 6 7 0 2
haar_y2
4.738413e-03 0 1
2
1 3 8 13 0 -1
5 3 4 13 0 2
haar_x2
3.059748e-02 -1 -2
-5.488260e-01 -9.185662e-01 3.162358e-01 
2
2
17 6 1 3 0 -1
16 7 1 1 0 3
tilted_haar_y3
-7.283861e-03 0 1
2
8 7 2 6 0 -1
6 9 2 2 0 3
tilted_haar_y3
2.607930e-02 -1 -2
4.338828e-01 -6.566368e-01 2.711694e-01 
2
2
16 8 2 8 0 -1
17 8 1 8 0 2
haar_x2
1.160706e-02 1 0
2
16 16 2 3 0 -1
17 16 1 3 0 2
haar_x2
-7.563438e-03 -1 -2
4.051876e-01 5.422667e-01 -4.896025e-01 
-1.691852e+00

11
-1
