6
2
2
0 2 19 15 0 -1
0 7 19 5 0 3
haar_y3
2.897426e-01 0 1
2
9 0 4 8 0 -1
7 2 4 4 0 2
tilted_haar_y4
-2.129411e-02 -1 -2
-9.063849e-01 9.466363e-01 -7.020867e-01 
2
2
11 0 6 4 0 -1
13 2 2 4 0 3
tilted_haar_y3
-2.400681e-02 1 0
2
10 7 1 4 0 -1
9 8 1 2 0 2
tilted_haar_x4
-8.836783e-04 -1 -2
-2.275065e-02 3.481483e-01 -2.771438e-01 
2
2
8 0 4 6 0 -1
6 2 4 2 0 3
tilted_haar_y3
-5.034260e-02 0 1
2
2 0 15 3 0 -1
7 1 5 1 0 9
haar_point
1.011997e-01 -1 -2
8.065197e-01 -9.122493e-01 3.446208e-01 
2
2
11 6 1 6 0 -1
9 8 1 2 0 3
tilted_haar_x3
-5.630823e-03 0 1
2
11 4 1 6 0 -1
9 6 1 2 0 3
tilted_haar_x3
-3.613259e-03 -1 -2
1.898635e-01 3.015785e-01 -5.078807e-01 
2
2
8 6 6 1 0 -1
10 8 2 1 0 3
tilted_haar_x3
1.256657e-02 0 1
2
8 4 6 1 0 -1
10 6 2 1 0 3
tilted_haar_x3
2.387574e-03 -1 -2
-7.530556e-01 -8.235457e-01 7.602357e-01 
2
2
9 6 5 12 0 -1
9 12 5 6 0 2
haar_y2
-2.547632e-03 1 0
2
9 7 5 4 0 -1
9 8 5 2 0 2
haar_y4
1.011677e-03 -1 -2
-5.094576e-01 -5.186440e-01 3.163382e-01 
-2.785983e+00

-1
-1
