7
2
2
9 6 4 7 0 -1
9 6 2 7 0 2
tilted_haar_x2
5.626230e-02 0 1
2
5 2 4 6 0 -1
7 2 2 6 0 2
haar_x2
2.492160e-02 -1 -2
-6.340575e-01 -7.999157e-01 7.650937e-01 
2
2
10 17 3 3 0 -1
10 18 3 1 0 3
haar_y3
-6.879419e-05 1 0
2
9 7 1 6 0 -1
7 9 1 2 0 3
tilted_haar_x3
-2.266285e-02 -1 -2
-4.139130e-01 -8.003664e-01 8.290964e-02 
2
2
7 11 4 1 0 -1
8 11 2 1 0 2
haar_x4
3.003691e-03 0 1
2
3 0 12 20 0 -1
7 0 4 20 0 3
haar_x3
2.502998e-01 -1 -2
-5.101421e-01 6.520709e-01 -9.046796e-01 
2
2
10 17 3 3 0 -1
10 18 3 1 0 3
haar_y3
1.272451e-03 1 0
2
9 7 1 6 0 -1
7 9 1 2 0 3
tilted_haar_x3
-3.202127e-02 -1 -2
-2.578937e-01 -9.469216e-01 4.127992e-02 
2
3
7 7 4 4 0 -1
7 7 2 2 0 2
9 9 2 2 0 2
haar_x2_y2
-4.444906e-03 0 1
2
4 0 3 15 0 -1
4 5 3 5 0 3
haar_y3
-1.844373e-02 -1 -2
-8.550285e-01 5.039614e-01 -6.070443e-01 
2
2
2 2 14 10 0 -1
2 7 14 5 0 2
haar_y2
6.378957e-02 0 1
2
7 16 6 4 0 -1
7 17 6 2 0 2
haar_y4
-5.011313e-03 -1 -2
-7.904652e-01 1.633502e-01 -6.276647e-01 
2
2
3 5 4 1 0 -1
4 6 2 1 0 2
tilted_haar_x4
-3.446062e-03 0 1
2
6 14 2 4 0 -1
7 14 1 4 0 2
haar_x2
1.421859e-03 -1 -2
-7.456219e-01 5.094567e-01 -8.325449e-01 
-1.750244e+00

19
-1
