6
2
2
4 4 1 4 0 -1
4 5 1 2 0 2
haar_y4
-4.309692e-03 0 1
2
1 9 16 9 0 -1
9 9 8 9 0 2
haar_x2
3.623528e-01 -1 -2
6.488628e-01 -7.076520e-01 8.794736e-01 
2
2
9 6 1 6 0 -1
7 8 1 2 0 3
tilted_haar_x3
-1.518621e-02 0 1
2
7 5 6 7 0 -1
9 5 2 7 0 3
haar_x3
-3.760281e-02 -1 -2
-6.508986e-01 5.213349e-01 -2.878506e-01 
2
2
3 2 12 6 0 -1
7 2 4 6 0 3
haar_x3
4.856236e-02 0 1
2
1 7 16 8 0 -1
1 9 16 4 0 2
haar_y4
1.702557e-02 -1 -2
-8.154812e-01 -7.641395e-01 6.704368e-01 
2
2
5 17 8 3 0 -1
5 18 8 1 0 3
haar_y3
-1.091720e-02 0 1
2
16 1 2 8 0 -1
16 1 1 8 0 2
haar_x2
-3.072972e-05 -1 -2
5.447896e-01 1.322319e-01 -2.928618e-01 
2
2
0 1 2 8 0 -1
1 1 1 8 0 2
haar_x2
-2.776121e-02 0 1
2
3 0 11 3 0 -1
3 1 11 1 0 3
haar_y3
3.941365e-02 -1 -2
7.410673e-01 -7.902164e-01 7.185627e-01 
2
2
1 14 16 6 0 -1
1 17 16 3 0 2
haar_y2
-6.068927e-04 1 0
2
14 4 3 1 0 -1
15 5 1 1 0 3
tilted_haar_y3
-2.414149e-05 -1 -2
-9.451826e-01 4.104527e-02 -4.492246e-01 
-2.192408e+00

4
-1
