15
2
2
0 1 19 18 0 -1
0 7 19 6 0 3
haar_y3
7.538536e-01 1 0
2
6 8 3 3 0 -1
7 8 1 3 0 3
haar_x3
-1.972707e-03 -1 -2
7.220051e-01 -5.049747e-02 -6.467554e-01 
2
2
11 3 1 6 0 -1
9 5 1 2 0 3
tilted_haar_x3
-4.126574e-03 0 1
2
11 1 2 4 0 -1
11 1 1 4 0 2
haar_x2
3.532158e-03 -1 -2
9.163965e-02 -5.072730e-01 2.716906e-01 
2
2
8 3 6 1 0 -1
10 5 2 1 0 3
tilted_haar_x3
1.235233e-02 0 1
2
6 1 2 4 0 -1
7 1 1 4 0 2
haar_x2
1.787521e-03 -1 -2
-5.936597e-01 -3.113118e-01 4.627611e-01 
2
2
11 0 4 3 0 -1
11 1 4 1 0 3
haar_y3
8.384581e-03 1 0
2
14 2 3 6 0 -1
12 4 3 2 0 3
tilted_haar_x3
7.551105e-02 -1 -2
2.615469e-01 -5.708601e-02 3.955264e-01 
2
2
3 8 13 3 0 -1
3 9 13 1 0 3
haar_y3
3.965560e-03 0 1
2
9 6 1 3 0 -1
9 7 1 1 0 3
haar_y3
-9.891831e-04 -1 -2
-7.000025e-01 -7.555336e-01 8.422978e-02 
2
2
17 16 1 2 0 -1
17 17 1 1 0 2
haar_y2
-4.924805e-05 1 0
2
16 15 2 2 0 -1
16 15 2 1 0 2
tilted_haar_x2
-1.325283e-02 -1 -2
-2.531795e-01 -6.409000e-01 -9.550486e-03 
2
2
0 12 6 3 0 -1
0 13 6 1 0 3
haar_y3
-8.642877e-03 0 1
2
1 14 3 3 0 -1
1 15 3 1 0 3
haar_y3
-5.087054e-03 -1 -2
-6.212739e-01 -6.530575e-01 3.332755e-01 
2
2
4 15 11 3 0 -1
4 16 11 1 0 3
haar_y3
-1.571140e-02 0 1
2
8 15 4 3 0 -1
8 16 4 1 0 3
haar_y3
-5.869211e-03 -1 -2
4.421519e-01 4.293780e-01 -2.203389e-01 
2
2
7 15 4 3 0 -1
7 16 4 1 0 3
haar_y3
7.847639e-03 1 0
2
1 9 12 3 0 -1
1 10 12 1 0 3
haar_y3
4.813637e-03 -1 -2
7.109048e-01 -6.363207e-01 3.677171e-02 
2
2
17 2 2 8 0 -1
17 6 2 4 0 2
haar_y2
3.062664e-02 0 1
2
18 5 1 4 0 -1
18 7 1 2 0 2
haar_y2
2.016543e-03 -1 -2
-3.046537e-01 -6.089621e-01 1.538478e-01 
2
2
0 11 2 8 0 -1
0 15 2 4 0 2
haar_y2
-3.652565e-03 0 1
2
0 17 4 2 0 -1
2 17 2 2 0 2
haar_x2
-1.013881e-02 -1 -2
3.402607e-01 5.731466e-01 -5.886005e-01 
2
2
15 8 3 1 0 -1
16 8 1 1 0 3
haar_x3
2.002426e-03 0 1
2
10 0 2 3 0 -1
10 1 2 1 0 3
haar_y3
4.872883e-03 -1 -2
5.550309e-02 -2.769033e-01 2.564176e-01 
2
2
1 8 3 1 0 -1
2 8 1 1 0 3
haar_x3
2.604322e-05 0 1
2
1 12 3 4 0 -1
1 13 3 2 0 2
haar_y4
1.760753e-03 -1 -2
-4.763690e-01 3.333558e-01 -5.596569e-01 
2
2
9 0 5 3 0 -1
9 1 5 1 0 3
haar_y3
1.018745e-02 1 0
2
13 3 3 4 0 -1
12 4 3 2 0 2
tilted_haar_x4
-1.559719e-02 -1 -2
2.342665e-01 3.096603e-01 -8.530660e-02 
2
2
6 3 4 4 0 -1
7 4 2 4 0 2
tilted_haar_x4
1.881169e-02 1 0
2
8 3 8 6 0 -1
10 5 4 6 0 2
tilted_haar_x4
1.542476e-01 -1 -2
4.001421e-01 -4.538305e-01 5.689251e-01 
-1.588127e+00

42
-1
