55
2
2
2 0 4 2 0 -1
2 0 2 2 0 2
tilted_haar_x2
2.295990e-02 0 1
2
5 17 1 4 0 -1
5 17 1 2 0 2
tilted_haar_y2
-5.055780e-03 -1 -2
-3.381530e-01 6.976250e-01 3.969615e-02 
2
2
3 0 12 3 0 -1
3 1 12 1 0 3
haar_y3
-7.660608e-03 1 0
2
3 10 15 4 0 -1
8 10 5 4 0 3
haar_x3
2.725588e-02 -1 -2
-2.335367e-01 -1.762603e-01 1.051347e-01 
2
2
4 8 9 4 0 -1
7 11 3 4 0 3
tilted_haar_x3
5.383763e-02 0 1
2
8 13 2 6 0 -1
8 16 2 3 0 2
haar_y2
-2.376787e-02 -1 -2
-1.013565e-01 -6.481361e-01 4.295908e-01 
2
3
16 10 2 6 0 -1
17 10 1 3 0 2
16 13 1 3 0 2
haar_x2_y2
-1.392346e-03 0 1
3
16 4 2 4 0 -1
17 4 1 2 0 2
16 6 1 2 0 2
haar_x2_y2
4.577395e-03 -1 -2
1.183455e-01 -1.245069e-01 3.570893e-01 
2
3
0 10 2 6 0 -1
0 10 1 3 0 2
1 13 1 3 0 2
haar_x2_y2
-6.745775e-03 0 1
3
0 4 2 4 0 -1
0 4 1 2 0 2
1 6 1 2 0 2
haar_x2_y2
-9.301384e-03 -1 -2
3.472906e-01 6.643755e-01 -2.463378e-01 
2
2
6 0 6 8 0 -1
6 2 6 4 0 2
haar_y4
7.393058e-02 1 0
2
10 7 5 9 0 -1
7 10 5 3 0 3
tilted_haar_x3
-4.569883e-02 -1 -2
6.143138e-01 -3.448278e-01 4.248629e-02 
2
2
1 0 2 1 0 -1
2 0 1 1 0 2
haar_x2
-8.324165e-04 0 1
2
1 0 2 1 0 -1
2 0 1 1 0 2
haar_x2
3.711854e-04 -1 -2
-3.674240e-01 1.779548e-01 -2.164220e-01 
2
2
15 1 3 6 0 -1
16 1 1 6 0 3
haar_x3
-7.597194e-03 0 1
2
3 0 14 2 0 -1
3 1 14 1 0 2
haar_y2
-1.894903e-02 -1 -2
2.945171e-01 2.527090e-01 -1.148430e-01 
2
2
0 0 3 6 0 -1
1 0 1 6 0 3
haar_x3
-3.978969e-03 0 1
3
3 20 8 2 0 -1
3 20 4 1 0 2
7 21 4 1 0 2
haar_x2_y2
-7.715104e-03 -1 -2
2.294281e-01 1.938643e-01 -2.688818e-01 
2
2
10 7 4 9 0 -1
7 10 4 3 0 3
tilted_haar_x3
1.875220e-01 0 1
2
8 5 10 3 0 -1
8 6 10 1 0 3
haar_y3
5.663085e-02 -1 -2
1.099279e-02 4.192156e-03 -1.000006e+00 
2
2
8 7 9 4 0 -1
11 10 3 4 0 3
tilted_haar_x3
4.062362e-02 0 1
2
0 5 10 3 0 -1
0 6 10 1 0 3
haar_y3
1.459951e-02 -1 -2
-2.396417e-01 1.984534e-01 -6.387555e-01 
2
2
5 0 9 18 0 -1
5 6 9 6 0 3
haar_y3
-1.668375e-01 0 1
2
8 2 3 3 0 -1
9 2 1 3 0 3
haar_x3
-4.565997e-03 -1 -2
-6.496332e-01 -4.148184e-01 4.452420e-02 
2
2
7 15 6 1 0 -1
7 15 3 1 0 2
tilted_haar_x2
2.207540e-02 1 0
2
9 18 3 1 0 -1
10 19 1 1 0 3
tilted_haar_x3
7.133561e-03 -1 -2
-7.670944e-01 1.092941e-01 -7.554862e-01 
2
3
13 20 2 2 0 -1
14 20 1 1 0 2
13 21 1 1 0 2
haar_x2_y2
-3.192518e-03 0 1
2
11 7 2 5 0 -1
11 7 1 5 0 2
haar_x2
2.493176e-03 -1 -2
5.434095e-01 -9.226855e-02 1.138130e-01 
2
2
2 7 8 4 0 -1
4 7 4 4 0 2
haar_x4
4.072738e-02 1 0
2
4 7 6 3 0 -1
6 7 2 3 0 3
haar_x3
-2.130605e-02 -1 -2
4.421147e-01 3.252220e-01 -1.981946e-01 
2
2
7 7 6 4 0 -1
9 7 2 4 0 3
haar_x3
-1.169169e-02 1 0
2
6 7 6 2 0 -1
8 7 2 2 0 3
haar_x3
-6.381513e-03 -1 -2
-8.548356e-02 2.124084e-01 -8.280431e-02 
2
2
5 7 6 4 0 -1
7 7 2 4 0 3
haar_x3
3.004610e-02 1 0
2
7 2 4 2 0 -1
8 2 2 2 0 2
haar_x4
4.626894e-03 -1 -2
4.838162e-01 3.949204e-02 -5.265552e-01 
2
2
9 6 3 8 0 -1
9 6 3 4 0 2
tilted_haar_x2
1.027585e-01 1 0
2
13 16 1 2 0 -1
13 17 1 1 0 2
haar_y2
-1.551371e-04 -1 -2
-3.266298e-01 1.586241e-01 -1.789604e-01 
2
2
9 6 8 3 0 -1
9 6 4 3 0 2
tilted_haar_x2
8.567332e-02 1 0
2
4 16 1 2 0 -1
4 17 1 1 0 2
haar_y2
-1.413176e-03 -1 -2
-9.101027e-01 -3.162494e-01 1.259211e-01 
2
2
9 10 1 4 0 -1
9 10 1 2 0 2
tilted_haar_x2
3.509393e-03 1 0
2
9 10 1 6 0 -1
7 12 1 2 0 3
tilted_haar_x3
4.341355e-02 -1 -2
7.350015e-02 -4.467278e-03 -9.746283e-01 
2
3
3 20 2 2 0 -1
3 20 1 1 0 2
4 21 1 1 0 2
haar_x2_y2
-3.033653e-03 0 1
3
1 2 2 2 0 -1
1 2 1 1 0 2
2 3 1 1 0 2
haar_x2_y2
5.333192e-03 -1 -2
4.124016e-01 -1.523447e-01 5.337152e-01 
2
2
15 6 1 2 0 -1
15 7 1 1 0 2
haar_y2
1.303194e-03 0 1
2
10 2 2 1 0 -1
10 2 1 1 0 2
haar_x2
1.612658e-03 -1 -2
-2.453779e-02 4.331651e-02 -3.139567e-01 
2
2
2 6 1 2 0 -1
2 7 1 1 0 2
haar_y2
-9.596575e-04 0 1
2
6 2 2 1 0 -1
7 2 1 1 0 2
haar_x2
-1.531647e-03 -1 -2
-3.714178e-01 -6.219820e-01 1.415841e-01 
2
2
14 0 3 3 0 -1
13 1 3 1 0 3
tilted_haar_x3
-1.575525e-02 1 0
2
0 0 18 3 0 -1
0 0 9 3 0 2
haar_x2
5.421435e-02 -1 -2
-1.178899e-01 4.258805e-02 -3.111219e-01 
2
2
4 0 3 3 0 -1
5 1 1 3 0 3
tilted_haar_x3
1.108865e-02 1 0
2
2 0 3 6 0 -1
3 2 1 2 0 9
haar_point
-6.507357e-03 -1 -2
4.937275e-01 1.836054e-01 -2.087316e-01 
2
2
13 1 2 1 0 -1
13 1 1 1 0 2
tilted_haar_y2
2.290528e-03 1 0
2
14 0 3 5 0 -1
15 0 1 5 0 3
haar_x3
-5.235131e-03 -1 -2
-1.714382e-01 1.684477e-01 -5.448337e-02 
2
2
5 1 1 2 0 -1
5 1 1 1 0 2
tilted_haar_y2
2.713995e-03 1 0
2
0 5 4 4 0 -1
0 6 4 2 0 2
haar_y4
-1.139806e-02 -1 -2
-3.263260e-01 -5.536935e-01 1.606403e-01 
2
3
9 0 6 2 0 -1
12 0 3 1 0 2
9 1 3 1 0 2
haar_x2_y2
9.856850e-03 0 1
2
15 8 2 4 0 -1
15 9 2 2 0 2
haar_y4
1.157538e-03 -1 -2
-6.735087e-02 -7.750364e-02 1.291154e-01 
2
3
3 0 6 2 0 -1
3 0 3 1 0 2
6 1 3 1 0 2
haar_x2_y2
-1.249946e-02 0 1
2
1 8 2 4 0 -1
1 9 2 2 0 2
haar_y4
-2.715373e-03 -1 -2
6.058351e-01 -3.779233e-01 8.409930e-02 
2
2
9 10 1 4 0 -1
9 10 1 2 0 2
tilted_haar_x2
6.758486e-03 0 1
2
13 15 2 4 0 -1
13 15 1 4 0 2
tilted_haar_y2
1.611692e-02 -1 -2
-5.570471e-02 2.947343e-02 -6.910060e-01 
2
2
2 20 3 1 0 -1
3 20 1 1 0 3
haar_x3
3.865092e-03 1 0
3
1 4 14 8 0 -1
1 4 7 4 0 2
8 8 7 4 0 2
haar_x2_y2
-1.223744e-01 -1 -2
4.607708e-01 5.567451e-01 -7.464890e-02 
2
2
15 8 2 1 0 -1
15 8 1 1 0 2
tilted_haar_y2
9.813551e-04 1 0
2
10 2 8 6 0 -1
8 4 8 2 0 3
tilted_haar_x3
-1.327771e-01 -1 -2
1.237937e-01 -3.817167e-01 2.183625e-02 
2
2
3 8 1 2 0 -1
3 8 1 1 0 2
tilted_haar_y2
-1.352763e-03 1 0
2
8 2 6 8 0 -1
10 4 2 8 0 3
tilted_haar_x3
6.399280e-02 -1 -2
2.691569e-02 -6.133875e-01 2.627632e-01 
2
2
8 8 2 6 0 -1
8 10 2 2 0 3
haar_y3
9.524468e-03 1 0
2
9 9 3 6 0 -1
9 12 3 3 0 2
haar_y2
-5.112220e-03 -1 -2
1.945190e-01 1.607763e-01 -1.159835e-01 
2
2
2 14 12 5 0 -1
6 14 4 5 0 3
haar_x3
3.291176e-02 0 1
3
2 7 14 12 0 -1
2 7 7 6 0 2
9 13 7 6 0 2
haar_x2_y2
-1.375648e-01 -1 -2
-2.225015e-01 -8.501979e-01 1.575123e-01 
2
2
10 14 4 3 0 -1
11 14 2 3 0 2
haar_x4
-7.858375e-03 1 0
2
6 14 6 3 0 -1
8 14 2 3 0 3
haar_x3
1.892333e-02 -1 -2
2.451051e-02 4.421180e-02 -4.951867e-01 
2
2
4 14 4 3 0 -1
5 14 2 3 0 2
haar_x4
1.289997e-02 1 0
2
5 0 8 3 0 -1
5 1 8 1 0 3
haar_y3
1.179651e-02 -1 -2
-8.414122e-01 -4.002000e-02 4.696852e-01 
2
2
1 0 16 2 0 -1
5 0 8 2 0 2
haar_x4
-5.476514e-02 0 1
2
6 8 8 4 0 -1
8 8 4 4 0 2
haar_x4
2.550091e-02 -1 -2
2.873302e-01 -5.707169e-02 1.567467e-01 
2
2
6 6 6 6 0 -1
8 6 2 6 0 3
haar_x3
-1.135085e-02 0 1
2
3 7 9 5 0 -1
6 7 3 5 0 3
haar_x3
7.674945e-02 -1 -2
1.697815e-01 -2.859477e-01 3.789464e-01 
2
2
4 8 10 6 0 -1
4 8 5 6 0 2
haar_x2
7.827386e-02 0 1
2
12 10 2 3 0 -1
12 10 1 3 0 2
tilted_haar_y2
2.446786e-02 -1 -2
4.090779e-02 1.532360e-02 -7.859717e-01 
2
2
9 6 3 1 0 -1
10 7 1 1 0 3
tilted_haar_x3
3.665750e-03 1 0
3
3 4 12 8 0 -1
3 4 6 4 0 2
9 8 6 4 0 2
haar_x2_y2
4.555643e-02 -1 -2
2.643632e-01 -2.470657e-01 1.536386e-01 
2
2
14 14 1 2 0 -1
14 14 1 1 0 2
tilted_haar_x2
-5.621615e-03 1 0
2
13 0 2 4 0 -1
13 0 1 4 0 2
tilted_haar_y2
2.746822e-02 -1 -2
2.518200e-02 1.365967e-02 -8.143483e-01 
2
2
4 14 2 1 0 -1
4 14 1 1 0 2
tilted_haar_x2
4.633481e-03 1 0
2
5 0 4 2 0 -1
5 0 4 1 0 2
tilted_haar_y2
-1.497192e-02 -1 -2
-6.660527e-01 -7.202269e-01 5.291208e-02 
2
2
11 19 2 1 0 -1
11 19 1 1 0 2
tilted_haar_y2
-8.751441e-03 0 1
2
14 14 2 6 0 -1
14 17 2 3 0 2
haar_y2
-1.827774e-02 -1 -2
4.908077e-01 -3.416817e-01 2.246695e-02 
2
2
3 15 4 3 0 -1
2 16 4 1 0 3
tilted_haar_y3
1.732869e-02 1 0
2
7 0 2 7 0 -1
7 0 1 7 0 2
tilted_haar_x2
2.761088e-02 -1 -2
3.824547e-01 -1.425508e-01 4.079997e-01 
2
2
14 14 2 6 0 -1
14 17 2 3 0 2
haar_y2
-3.701322e-03 1 0
2
2 1 14 6 0 -1
2 4 14 3 0 2
haar_y2
1.685910e-02 -1 -2
-7.045691e-02 -1.347329e-01 1.248075e-01 
2
2
1 6 16 5 0 -1
5 6 8 5 0 2
haar_x4
1.304957e-01 1 0
2
0 8 3 6 0 -1
0 10 3 2 0 3
haar_y3
3.086968e-02 -1 -2
-5.692683e-01 1.107371e-01 -8.274832e-01 
2
2
14 14 2 6 0 -1
14 17 2 3 0 2
haar_y2
-2.845979e-02 0 1
2
16 8 2 12 0 -1
16 12 2 4 0 3
haar_y3
-1.222781e-02 -1 -2
-3.728606e-01 8.108911e-02 -4.889074e-02 
2
2
2 14 2 6 0 -1
2 17 2 3 0 2
haar_y2
-4.537204e-03 0 1
2
0 8 2 12 0 -1
0 12 2 4 0 3
haar_y3
-8.150022e-03 -1 -2
2.311177e-01 8.640875e-02 -3.395526e-01 
2
2
13 4 2 3 0 -1
13 5 2 1 0 3
haar_y3
1.236708e-02 0 1
2
13 3 4 1 0 -1
13 3 2 1 0 2
tilted_haar_y2
1.527617e-02 -1 -2
6.114127e-03 1.228870e-02 -2.868093e-01 
2
2
3 4 2 3 0 -1
3 5 2 1 0 3
haar_y3
-2.786929e-03 0 1
2
5 3 1 4 0 -1
5 3 1 2 0 2
tilted_haar_y2
-4.463151e-03 -1 -2
-3.702298e-01 -3.392223e-01 1.335404e-01 
2
2
9 4 6 8 0 -1
9 4 3 8 0 2
tilted_haar_y2
4.296158e-02 0 1
2
8 16 2 2 0 -1
8 17 2 1 0 2
haar_y2
-9.637488e-04 -1 -2
-3.881158e-02 1.417757e-01 -1.397866e-01 
2
2
9 4 8 6 0 -1
9 4 8 3 0 2
tilted_haar_y2
-1.401175e-01 0 1
2
6 16 3 3 0 -1
7 16 1 3 0 3
haar_x3
8.223439e-03 -1 -2
-8.286244e-01 9.078123e-02 -6.870657e-01 
2
3
14 1 2 2 0 -1
15 1 1 1 0 2
14 2 1 1 0 2
haar_x2_y2
2.879284e-03 0 1
3
11 20 2 2 0 -1
12 20 1 1 0 2
11 21 1 1 0 2
haar_x2_y2
3.988051e-03 -1 -2
-9.345869e-02 -4.483593e-02 5.768489e-01 
2
3
1 7 16 10 0 -1
1 7 8 5 0 2
9 12 8 5 0 2
haar_x2_y2
-1.393715e-01 0 1
2
0 0 18 2 0 -1
9 0 9 2 0 2
haar_x2
-3.737906e-02 -1 -2
-7.155628e-01 -2.286945e-01 1.680147e-01 
-1.709220e+00

9
-1
