7
2
2
3 9 12 6 0 -1
6 9 6 6 0 2
haar_x4
-9.330836e-02 0 1
2
1 1 16 19 0 -1
9 1 8 19 0 2
haar_x2
-6.319616e-01 -1 -2
6.763671e-01 7.333974e-01 -5.635891e-01 
2
2
9 10 2 5 0 -1
9 10 1 5 0 2
haar_x2
1.148783e-02 0 1
2
9 0 2 9 0 -1
6 3 2 3 0 3
tilted_haar_x3
1.192467e-02 -1 -2
-1.067548e-01 4.611444e-02 -5.964830e-01 
2
2
7 10 2 5 0 -1
8 10 1 5 0 2
haar_x2
9.118354e-05 0 1
2
9 0 9 2 0 -1
12 3 3 2 0 3
tilted_haar_x3
-3.204717e-02 -1 -2
-6.340204e-01 5.835583e-01 -5.422170e-01 
2
2
7 4 6 5 0 -1
9 4 2 5 0 3
haar_x3
6.207961e-02 0 1
2
6 9 10 7 0 -1
6 9 5 7 0 2
haar_x2
-1.349309e-01 -1 -2
-2.658832e-01 4.438856e-01 -2.716897e-01 
2
2
5 16 8 4 0 -1
5 17 8 2 0 2
haar_y4
-1.042688e-02 1 0
2
2 16 1 4 0 -1
2 18 1 2 0 2
haar_y2
9.654635e-04 -1 -2
-5.512921e-01 5.409608e-01 -6.808097e-01 
2
2
10 14 2 1 0 -1
10 14 1 1 0 2
tilted_haar_y2
7.105961e-03 1 0
2
8 15 4 4 0 -1
9 15 2 4 0 2
haar_x4
-7.446188e-03 -1 -2
-6.753218e-01 -8.493315e-01 1.324160e-01 
2
2
2 12 14 8 0 -1
9 12 7 8 0 2
haar_x2
-1.923870e-01 0 1
2
5 4 6 4 0 -1
7 4 2 4 0 3
haar_x3
-3.555552e-02 -1 -2
6.424144e-01 4.818862e-01 -6.072255e-01 
-1.485910e+00

13
-1
