3
4
2
4 4 1 4 0 -1
4 5 1 2 0 2
haar_y4
-3.081843e-03 2 1
2
0 13 2 7 0 -1
1 13 1 7 0 2
haar_x2
-2.325915e-02 0 -1
2
7 0 5 20 0 -1
7 10 5 10 0 2
haar_y2
2.795578e-02 3 -2
2
11 2 6 4 0 -1
13 4 2 4 0 3
tilted_haar_x3
-5.271475e-03 -3 -4
5.634277e-01 -7.582640e-01 -8.098930e-01 8.622878e-01 -6.820427e-01 
4
2
2 1 14 2 0 -1
2 2 14 1 0 2
haar_y2
-6.891239e-03 2 1
2
2 0 16 4 0 -1
2 2 16 2 0 2
haar_y2
-4.621647e-02 0 -1
2
15 9 2 5 0 -1
15 9 1 5 0 2
tilted_haar_x2
3.014951e-03 3 -2
2
2 6 16 9 0 -1
2 9 16 3 0 3
haar_y3
2.444385e-02 -3 -4
8.116680e-01 -7.404979e-01 -8.883422e-01 -9.089679e-01 8.080534e-01 
4
2
12 6 3 1 0 -1
13 6 1 1 0 3
haar_x3
-2.759196e-03 2 1
2
2 7 16 11 0 -1
10 7 8 11 0 2
haar_x2
-4.177084e-01 0 -1
3
15 5 2 14 0 -1
15 5 1 7 0 2
16 12 1 7 0 2
haar_x2_y2
3.278572e-03 3 -2
2
7 10 2 4 0 -1
7 10 2 2 0 2
tilted_haar_y2
2.892532e-03 -3 -4
8.761632e-01 -8.394797e-01 -7.555652e-01 8.721719e-01 -8.012639e-01 
-7.896904e-01

2
-1
