11
2
2
0 4 19 6 0 -1
0 7 19 3 0 2
haar_y2
2.164021e-01 0 1
2
5 1 6 8 0 -1
8 1 3 8 0 2
haar_x2
4.920927e-02 -1 -2
-4.612169e-01 -5.982327e-01 6.298777e-01 
2
2
14 10 3 1 0 -1
15 10 1 1 0 3
haar_x3
4.976476e-05 0 1
2
15 8 3 3 0 -1
16 8 1 3 0 3
haar_x3
-1.314964e-03 -1 -2
-3.112330e-01 -5.875369e-01 1.431542e-01 
2
2
2 10 3 1 0 -1
3 10 1 1 0 3
haar_x3
5.022511e-05 0 1
2
9 6 2 3 0 -1
8 7 2 1 0 3
tilted_haar_y3
2.574997e-03 -1 -2
-4.592235e-01 4.762570e-01 -5.786465e-01 
2
2
2 1 15 6 0 -1
2 3 15 2 0 3
haar_y3
-7.434566e-02 1 0
2
4 2 12 5 0 -1
7 2 6 5 0 2
haar_x4
2.683875e-02 -1 -2
-4.790521e-01 -6.204054e-01 1.302431e-01 
2
3
0 2 18 12 0 -1
0 2 9 6 0 2
9 8 9 6 0 2
haar_x2_y2
-1.607306e-01 0 1
2
5 13 2 4 0 -1
5 15 2 2 0 2
haar_y2
-1.541037e-03 -1 -2
-8.286969e-01 5.212211e-01 -1.844923e-01 
2
2
8 12 3 3 0 -1
8 13 3 1 0 3
haar_y3
-4.560950e-03 0 1
2
7 12 5 2 0 -1
7 13 5 1 0 2
haar_y2
-1.134604e-02 -1 -2
4.204354e-01 4.203008e-01 -1.428358e-01 
2
2
8 0 10 2 0 -1
8 0 10 1 0 2
tilted_haar_y2
1.385539e-02 1 0
2
0 5 3 11 0 -1
1 5 1 11 0 3
haar_x3
1.968390e-02 -1 -2
3.154397e-01 -5.854920e-01 3.980186e-01 
2
2
10 7 1 4 0 -1
9 8 1 2 0 2
tilted_haar_x4
2.856711e-03 0 1
2
10 3 1 4 0 -1
9 4 1 2 0 2
tilted_haar_x4
-3.958031e-03 -1 -2
5.392287e-02 1.375782e-01 -3.819761e-01 
2
2
9 7 4 1 0 -1
10 8 2 1 0 2
tilted_haar_x4
6.406583e-03 0 1
2
9 3 4 1 0 -1
10 4 2 1 0 2
tilted_haar_x4
2.835035e-03 -1 -2
-4.889141e-01 -3.700404e-01 4.460675e-01 
2
2
10 4 1 3 0 -1
10 5 1 1 0 3
haar_y3
1.944629e-03 1 0
3
12 6 2 4 0 -1
13 6 1 2 0 2
12 8 1 2 0 2
haar_x2_y2
-6.357932e-03 -1 -2
-8.139963e-01 -7.800497e-01 2.549771e-02 
2
3
5 6 2 4 0 -1
5 6 1 2 0 2
6 8 1 2 0 2
haar_x2_y2
-2.911278e-04 1 0
2
8 4 1 3 0 -1
8 5 1 1 0 3
haar_y3
1.156899e-03 -1 -2
-4.301252e-01 3.848065e-01 -8.109449e-01 
-1.638071e+00

21
-1
