5
2
2
0 2 19 15 0 -1
0 7 19 5 0 3
haar_y3
2.814700e-01 0 1
2
5 1 6 5 0 -1
8 1 3 5 0 2
haar_x2
1.090413e-02 -1 -2
-9.124131e-01 -7.008837e-01 9.400059e-01 
2
2
8 1 4 10 0 -1
8 1 2 10 0 2
haar_x2
-2.032201e-02 0 1
2
12 2 4 15 0 -1
12 7 4 5 0 3
haar_y3
5.508064e-02 -1 -2
4.675229e-01 -5.866210e-01 5.466198e-01 
2
2
5 0 9 11 0 -1
8 0 3 11 0 3
haar_x3
6.616101e-02 0 1
2
4 4 2 12 0 -1
4 7 2 6 0 2
haar_y4
7.237697e-03 -1 -2
-7.098636e-01 -8.612714e-01 8.343789e-01 
2
2
8 2 8 16 0 -1
10 2 4 16 0 2
haar_x4
-5.727046e-02 1 0
2
16 9 2 6 0 -1
16 9 1 6 0 2
tilted_haar_y2
3.967326e-03 -1 -2
-1.323353e-01 2.709386e-01 -4.730532e-01 
2
2
8 4 2 7 0 -1
9 4 1 7 0 2
haar_x2
4.759456e-03 0 1
2
8 3 2 6 0 -1
8 3 2 3 0 2
tilted_haar_y2
-1.661200e-02 -1 -2
-7.281224e-01 7.553805e-01 -7.834875e-01 
-1.991480e+00

0
-1
