4
2
2
3 1 12 7 0 -1
7 1 4 7 0 3
haar_x3
5.387019e-02 0 1
2
1 9 16 6 0 -1
5 9 8 6 0 2
haar_x4
-1.863701e-03 -1 -2
-8.666558e-01 7.991143e-01 -7.128876e-01 
2
2
12 6 3 1 0 -1
13 6 1 1 0 3
haar_x3
-3.250902e-03 0 1
2
8 3 6 14 0 -1
10 3 2 14 0 3
haar_x3
-9.016927e-02 -1 -2
7.853379e-01 7.596540e-01 -7.958513e-01 
2
2
0 0 2 20 0 -1
1 0 1 20 0 2
haar_x2
-3.539013e-02 0 1
2
0 8 2 7 0 -1
1 8 1 7 0 2
haar_x2
1.632874e-02 -1 -2
9.359251e-01 -7.378452e-01 8.017013e-01 
2
2
7 2 4 11 0 -1
9 2 2 11 0 2
haar_x2
6.482128e-02 1 0
2
9 5 2 11 0 -1
10 5 1 11 0 2
haar_x2
-1.380538e-02 -1 -2
9.645011e-01 6.737671e-01 -9.432056e-01 
-1.435851e+00

0
-1
