7
2
2
3 6 3 1 0 -1
4 6 1 1 0 3
haar_x3
-2.601385e-03 0 1
2
1 1 16 19 0 -1
9 1 8 19 0 2
haar_x2
6.099414e-01 -1 -2
6.230618e-01 -6.485720e-01 8.138041e-01 
2
2
7 3 4 16 0 -1
8 3 2 16 0 2
haar_x4
3.180619e-02 1 0
2
7 4 6 10 0 -1
9 4 2 10 0 3
haar_x3
-4.924554e-02 -1 -2
6.195030e-01 4.450409e-01 -3.197783e-01 
2
2
1 13 16 1 0 -1
5 13 8 1 0 2
haar_x4
-9.672698e-03 1 0
2
5 16 8 4 0 -1
5 17 8 2 0 2
haar_y4
-1.417805e-02 -1 -2
-8.990541e-01 6.301450e-01 -4.215639e-01 
2
2
2 5 14 6 0 -1
2 8 14 3 0 2
haar_y2
4.667926e-02 0 1
2
16 1 2 3 0 -1
15 2 2 1 0 3
tilted_haar_x3
2.808794e-05 -1 -2
-9.273061e-01 -4.106022e-01 1.168387e-02 
2
2
9 4 2 6 0 -1
7 6 2 2 0 3
tilted_haar_y3
-9.277080e-04 1 0
2
8 4 1 4 0 -1
8 4 1 2 0 2
tilted_haar_y2
2.716506e-03 -1 -2
-8.631861e-01 6.881597e-01 -5.544136e-01 
2
2
1 1 16 4 0 -1
1 2 16 2 0 2
haar_y4
-1.536347e-02 0 1
2
0 0 18 2 0 -1
0 1 18 1 0 2
haar_y2
-3.930461e-02 -1 -2
6.340232e-01 8.774894e-01 -2.878963e-01 
2
2
0 1 3 19 0 -1
1 1 1 19 0 3
haar_x3
-4.286840e-02 0 1
2
1 1 16 19 0 -1
9 1 8 19 0 2
haar_x2
-6.294993e-01 -1 -2
6.655499e-01 8.564264e-01 -7.899828e-01 
-1.760333e+00

6
-1
