2
4
2
8 4 3 9 0 -1
9 4 1 9 0 3
haar_x3
2.146614e-02 1 3
2
7 4 4 13 0 -1
9 4 2 13 0 2
haar_x2
-8.546377e-02 0 2
2
1 1 16 19 0 -1
9 1 8 19 0 2
haar_x2
6.589046e-01 -1 -2
2
10 0 8 3 0 -1
12 2 4 3 0 2
tilted_haar_x4
-2.185202e-02 -3 -4
7.174221e-01 -9.149406e-01 7.332191e-01 8.004476e-01 -6.684389e-01 
4
2
3 4 3 3 0 -1
4 5 1 1 0 9
haar_point
-1.189679e-02 2 1
2
0 1 2 19 0 -1
1 1 1 19 0 2
haar_x2
-6.494485e-02 0 3
2
1 1 3 10 0 -1
1 6 3 5 0 2
haar_y2
-3.560349e-03 -1 -2
2
0 7 2 7 0 -1
1 7 1 7 0 2
haar_x2
2.510133e-02 -3 -4
6.025369e-01 -8.516936e-01 6.786435e-01 -7.994398e-01 6.905683e-01 
-3.124037e-01

4
-1
