82
2
2
1 0 16 2 0 -1
5 0 8 2 0 2
haar_x4
-6.651613e-02 0 1
2
5 7 9 3 0 -1
8 10 3 3 0 3
tilted_haar_x3
5.173548e-02 -1 -2
4.112017e-01 -4.043933e-01 3.759192e-02 
2
2
17 5 1 12 0 -1
17 8 1 6 0 2
haar_y4
-4.227809e-03 1 0
2
2 0 14 2 0 -1
2 1 14 1 0 2
haar_y2
-1.687460e-02 -1 -2
-1.042642e-01 2.033121e-01 -1.592509e-01 
2
2
0 5 1 12 0 -1
0 8 1 6 0 2
haar_y4
-1.436355e-02 0 1
2
5 1 6 2 0 -1
7 3 2 2 0 3
tilted_haar_x3
3.731442e-02 -1 -2
3.481108e-01 -1.828585e-01 3.580880e-01 
2
2
13 4 2 2 0 -1
13 4 1 2 0 2
haar_x2
8.230871e-03 0 1
2
15 3 3 13 0 -1
16 3 1 13 0 3
haar_x3
-1.807059e-02 -1 -2
-1.894704e-02 3.501492e-01 -1.014857e-01 
2
2
3 4 2 2 0 -1
4 4 1 2 0 2
haar_x2
-1.295423e-03 0 1
2
0 3 3 13 0 -1
1 3 1 13 0 3
haar_x3
-8.557273e-03 -1 -2
-3.910433e-01 2.473984e-01 -9.409781e-02 
2
2
9 2 3 6 0 -1
7 4 3 2 0 3
tilted_haar_x3
-1.833953e-02 1 0
2
9 5 7 9 0 -1
6 8 7 3 0 3
tilted_haar_x3
2.576056e-01 -1 -2
-6.738529e-02 -2.499474e-03 -7.836931e-01 
2
2
9 2 6 3 0 -1
11 4 2 3 0 3
tilted_haar_x3
6.480598e-02 1 0
2
9 5 9 7 0 -1
12 8 3 7 0 3
tilted_haar_x3
8.828064e-02 -1 -2
4.899597e-01 -2.105804e-01 1.238844e-01 
2
3
9 20 6 2 0 -1
12 20 3 1 0 2
9 21 3 1 0 2
haar_x2_y2
-3.316712e-03 0 1
3
4 18 10 4 0 -1
9 18 5 2 0 2
4 20 5 2 0 2
haar_x2_y2
1.879872e-02 -1 -2
2.010310e-01 -4.467617e-02 1.876938e-01 
2
3
1 0 6 4 0 -1
1 0 3 2 0 2
4 2 3 2 0 2
haar_x2_y2
-1.803731e-02 0 1
3
3 0 2 2 0 -1
3 0 1 1 0 2
4 1 1 1 0 2
haar_x2_y2
-3.206755e-03 -1 -2
2.950702e-01 2.472370e-01 -2.011007e-01 
2
2
5 6 8 6 0 -1
7 6 4 6 0 2
haar_x4
-2.859929e-02 0 1
2
6 6 9 5 0 -1
9 6 3 5 0 3
haar_x3
-3.752286e-02 -1 -2
3.400966e-01 3.300129e-01 -7.699192e-02 
2
2
4 6 6 4 0 -1
6 6 2 4 0 3
haar_x3
-1.510012e-02 0 1
2
4 5 8 7 0 -1
6 5 4 7 0 2
haar_x4
5.925022e-02 -1 -2
2.475216e-01 -2.074326e-01 2.388835e-01 
2
3
9 20 6 2 0 -1
12 20 3 1 0 2
9 21 3 1 0 2
haar_x2_y2
2.999264e-03 0 1
2
15 3 1 2 0 -1
15 4 1 1 0 2
haar_y2
3.317200e-03 -1 -2
-5.084191e-02 -3.697512e-02 3.176045e-01 
2
2
3 0 2 1 0 -1
4 0 1 1 0 2
haar_x2
5.412904e-04 1 0
3
2 18 6 4 0 -1
2 18 3 2 0 2
5 20 3 2 0 2
haar_x2_y2
-1.182200e-02 -1 -2
-2.472407e-01 3.389133e-01 -2.469604e-03 
2
3
8 12 2 8 0 -1
9 12 1 4 0 2
8 16 1 4 0 2
haar_x2_y2
9.424912e-03 0 1
2
9 15 1 6 0 -1
9 15 1 3 0 2
tilted_haar_x2
-4.810757e-02 -1 -2
3.103688e-02 -5.640828e-01 1.235441e-03 
2
2
6 2 2 2 0 -1
7 2 1 2 0 2
haar_x2
-2.283801e-03 0 1
2
9 15 6 1 0 -1
9 15 3 1 0 2
tilted_haar_x2
2.420052e-02 -1 -2
-5.432931e-01 3.212691e-02 -7.507204e-01 
2
2
7 17 4 2 0 -1
7 18 4 1 0 2
haar_y2
-1.360698e-03 0 1
2
12 10 2 8 0 -1
12 14 2 4 0 2
haar_y2
-2.700139e-02 -1 -2
1.365296e-01 -3.215067e-01 1.812749e-02 
2
2
6 5 6 8 0 -1
8 5 2 8 0 3
haar_x3
-1.033195e-02 0 1
2
0 7 6 7 0 -1
2 7 2 7 0 3
haar_x3
3.949799e-02 -1 -2
1.231763e-01 -2.472841e-01 3.678780e-01 
2
2
17 5 1 2 0 -1
17 6 1 1 0 2
haar_y2
-7.600117e-04 0 1
2
17 5 1 2 0 -1
17 6 1 1 0 2
haar_y2
-7.600117e-04 -1 -2
-1.562515e-01 -1.562515e-01 5.406137e-02 
2
2
0 5 1 2 0 -1
0 6 1 1 0 2
haar_y2
-7.508143e-04 0 1
2
0 5 1 2 0 -1
0 6 1 1 0 2
haar_y2
1.104056e-03 -1 -2
-2.574979e-01 1.608486e-01 -2.905268e-01 
2
2
13 0 4 4 0 -1
14 0 2 4 0 2
haar_x4
-2.125580e-03 0 1
2
10 3 8 4 0 -1
12 3 4 4 0 2
haar_x4
2.873643e-02 -1 -2
1.582357e-01 -3.728488e-02 2.157194e-01 
2
2
0 5 9 4 0 -1
3 5 3 4 0 3
haar_x3
-9.008447e-03 1 0
2
4 7 10 12 0 -1
4 11 10 4 0 3
haar_y3
7.780906e-02 -1 -2
-2.069557e-01 -1.845379e-01 2.355650e-01 
2
3
16 2 2 6 0 -1
17 2 1 3 0 2
16 5 1 3 0 2
haar_x2_y2
7.026745e-03 1 0
2
16 11 1 8 0 -1
16 15 1 4 0 2
haar_y2
-1.035316e-02 -1 -2
3.497519e-01 -3.535906e-01 5.101367e-02 
2
3
0 2 2 6 0 -1
0 2 1 3 0 2
1 5 1 3 0 2
haar_x2_y2
4.080640e-03 1 0
2
4 4 1 12 0 -1
4 7 1 6 0 2
haar_y4
1.262172e-02 -1 -2
1.607900e-01 -2.642581e-01 1.298772e-01 
2
2
14 5 2 1 0 -1
14 5 1 1 0 2
tilted_haar_y2
9.986061e-03 1 0
2
9 7 3 4 0 -1
9 7 3 2 0 2
tilted_haar_x2
1.780145e-02 -1 -2
-7.900071e-01 -4.642262e-02 1.553515e-01 
2
2
4 5 2 2 0 -1
4 5 2 1 0 2
tilted_haar_y2
-3.611587e-03 0 1
2
7 6 4 16 0 -1
7 14 4 8 0 2
haar_y2
-9.758469e-02 -1 -2
-3.978161e-01 -3.305208e-01 1.360136e-01 
2
3
8 12 2 8 0 -1
9 12 1 4 0 2
8 16 1 4 0 2
haar_x2_y2
9.090917e-03 0 1
3
6 10 10 10 0 -1
11 10 5 5 0 2
6 15 5 5 0 2
haar_x2_y2
-1.009736e-01 -1 -2
2.947445e-02 -2.912277e-01 7.527089e-03 
2
2
1 10 2 10 0 -1
1 15 2 5 0 2
haar_y2
-8.285169e-03 1 0
2
7 10 1 6 0 -1
7 13 1 3 0 2
haar_y2
-1.578763e-03 -1 -2
-1.156372e-01 4.716747e-01 -1.740416e-01 
2
2
14 17 3 2 0 -1
15 18 1 2 0 3
tilted_haar_y3
-1.525624e-02 1 0
2
13 19 3 3 0 -1
14 20 1 1 0 9
haar_point
-6.470650e-03 -1 -2
-2.857986e-02 1.854753e-01 -6.287538e-02 
2
2
4 17 2 3 0 -1
3 18 2 1 0 3
tilted_haar_y3
5.832351e-03 1 0
2
2 19 3 3 0 -1
3 20 1 1 0 9
haar_point
-1.086260e-02 -1 -2
2.601469e-01 2.122447e-01 -1.610923e-01 
2
2
4 7 10 6 0 -1
4 7 5 6 0 2
haar_x2
8.454358e-02 0 1
2
13 15 2 3 0 -1
13 16 2 1 0 3
haar_y3
5.174326e-05 -1 -2
2.472921e-02 -5.699275e-02 5.502472e-02 
2
3
2 11 10 8 0 -1
2 11 5 4 0 2
7 15 5 4 0 2
haar_x2_y2
3.216990e-02 1 0
3
8 12 2 8 0 -1
8 12 1 4 0 2
9 16 1 4 0 2
haar_x2_y2
-9.461110e-03 -1 -2
-4.999743e-01 -5.916118e-01 4.861393e-02 
2
2
7 1 4 3 0 -1
8 1 2 3 0 2
haar_x4
8.560805e-03 1 0
2
6 0 6 4 0 -1
8 0 2 4 0 3
haar_x3
-2.456609e-02 -1 -2
-5.532243e-01 -4.911514e-01 2.927328e-02 
2
2
4 7 10 6 0 -1
9 7 5 6 0 2
haar_x2
-8.879302e-02 0 1
2
1 8 1 8 0 -1
1 12 1 4 0 2
haar_y2
1.278373e-03 -1 -2
-8.482636e-01 1.718542e-01 -1.170551e-01 
2
3
12 0 2 2 0 -1
13 0 1 1 0 2
12 1 1 1 0 2
haar_x2_y2
3.316761e-03 0 1
2
11 1 6 1 0 -1
11 1 3 1 0 2
tilted_haar_y2
3.988800e-02 -1 -2
-7.378379e-02 -1.082378e-03 -8.282465e-01 
2
2
1 7 6 5 0 -1
3 7 2 5 0 3
haar_x3
2.816704e-02 0 1
2
9 7 8 5 0 -1
9 7 4 5 0 2
tilted_haar_x2
-1.870874e-02 -1 -2
-8.369161e-04 -5.534641e-01 4.711479e-01 
2
2
13 5 2 2 0 -1
13 6 2 1 0 2
haar_y2
-6.380940e-03 1 0
2
16 7 1 10 0 -1
16 7 1 5 0 2
tilted_haar_x2
-4.029437e-02 -1 -2
-1.339516e-02 -4.504845e-01 1.424043e-02 
2
2
3 5 2 2 0 -1
3 6 2 1 0 2
haar_y2
1.057707e-03 1 0
2
2 7 10 1 0 -1
2 7 5 1 0 2
tilted_haar_x2
-2.398675e-02 -1 -2
-2.203122e-01 2.418433e-01 -9.131305e-02 
2
2
11 0 7 3 0 -1
10 1 7 1 0 3
tilted_haar_x3
-3.980225e-02 0 1
2
4 0 10 6 0 -1
4 2 10 2 0 3
haar_y3
2.655054e-02 -1 -2
5.354658e-01 -4.764020e-02 2.644463e-01 
2
2
7 0 3 7 0 -1
8 1 1 7 0 3
tilted_haar_x3
-4.030382e-02 1 0
2
2 0 13 2 0 -1
2 1 13 1 0 2
haar_y2
-7.741373e-03 -1 -2
-1.105013e-01 5.577089e-01 -1.382529e-01 
2
2
8 13 6 3 0 -1
10 13 2 3 0 3
haar_x3
2.633101e-02 1 0
2
13 15 2 3 0 -1
13 16 2 1 0 3
haar_y3
5.174326e-05 -1 -2
-5.453039e-01 -5.232449e-02 6.765365e-02 
2
2
4 13 6 3 0 -1
6 13 2 3 0 3
haar_x3
2.499026e-02 1 0
2
0 0 18 3 0 -1
9 0 9 3 0 2
haar_x2
-1.657663e-01 -1 -2
-5.440101e-01 -9.381961e-01 7.704055e-02 
2
3
8 9 4 2 0 -1
10 9 2 1 0 2
8 10 2 1 0 2
haar_x2_y2
-1.045954e-03 1 0
2
13 12 1 8 0 -1
13 12 1 4 0 2
tilted_haar_x2
3.124296e-02 -1 -2
-8.380792e-02 8.746045e-03 -1.020674e-01 
2
3
6 9 4 2 0 -1
6 9 2 1 0 2
8 10 2 1 0 2
haar_x2_y2
2.068671e-03 1 0
2
7 13 4 5 0 -1
8 13 2 5 0 2
haar_x4
7.890715e-03 -1 -2
2.349069e-01 1.116767e-02 -5.177990e-01 
2
2
13 15 2 3 0 -1
13 16 2 1 0 3
haar_y3
1.243844e-02 1 0
2
9 4 6 5 0 -1
11 6 2 5 0 3
tilted_haar_y3
8.023322e-02 -1 -2
-4.007928e-01 -2.211836e-02 1.396774e-01 
2
2
9 7 3 4 0 -1
8 8 3 2 0 2
tilted_haar_y4
-5.812177e-03 1 0
2
5 10 4 4 0 -1
5 10 4 2 0 2
tilted_haar_y2
1.472806e-02 -1 -2
-7.343888e-02 -3.313304e-01 4.076799e-01 
2
2
5 10 8 4 0 -1
5 12 8 2 0 2
haar_y2
-6.607696e-03 0 1
2
10 16 1 4 0 -1
9 17 1 2 0 2
tilted_haar_x4
1.630803e-02 -1 -2
1.828308e-01 7.444531e-03 -4.808877e-01 
2
2
2 11 6 7 0 -1
4 11 2 7 0 3
haar_x3
5.457636e-02 1 0
3
3 0 4 2 0 -1
3 0 2 1 0 2
5 1 2 1 0 2
haar_x2_y2
-9.244818e-03 -1 -2
-6.620189e-01 3.801566e-01 -7.989412e-02 
2
2
15 7 1 2 0 -1
15 7 1 1 0 2
tilted_haar_x2
-3.214879e-03 1 0
2
9 15 1 2 0 -1
9 16 1 1 0 2
haar_y2
-5.439224e-05 -1 -2
-5.003982e-02 7.967260e-02 -1.458011e-01 
2
2
3 7 2 1 0 -1
3 7 1 1 0 2
tilted_haar_x2
-1.025088e-03 1 0
2
8 15 1 2 0 -1
8 16 1 1 0 2
haar_y2
-3.328869e-04 -1 -2
1.490915e-01 9.042894e-02 -3.704045e-01 
2
2
8 14 2 4 0 -1
8 16 2 2 0 2
haar_y2
-1.391652e-02 0 1
2
3 9 12 12 0 -1
3 9 6 12 0 2
haar_x2
2.516730e-02 -1 -2
-6.318268e-01 -8.647133e-02 2.336023e-01 
2
2
9 6 8 3 0 -1
9 6 4 3 0 2
tilted_haar_x2
4.713259e-02 1 0
2
7 1 1 6 0 -1
7 1 1 3 0 2
tilted_haar_y2
-3.922067e-03 -1 -2
-3.718967e-01 -2.004992e-01 1.671429e-01 
2
2
13 17 1 3 0 -1
12 18 1 1 0 3
tilted_haar_x3
-9.048502e-03 1 0
3
12 19 4 2 0 -1
14 19 2 1 0 2
12 20 2 1 0 2
haar_x2_y2
-1.404248e-03 -1 -2
1.169677e-02 1.469586e-01 -7.334282e-02 
2
2
5 17 3 1 0 -1
6 18 1 1 0 3
tilted_haar_x3
5.722867e-03 1 0
3
2 19 4 2 0 -1
2 19 2 1 0 2
4 20 2 1 0 2
haar_x2_y2
-5.616573e-03 -1 -2
-5.099672e-01 3.873817e-01 -3.522255e-02 
2
3
3 15 12 2 0 -1
9 15 6 1 0 2
3 16 6 1 0 2
haar_x2_y2
3.275756e-03 0 1
2
2 5 14 2 0 -1
2 5 7 2 0 2
haar_x2
5.935535e-02 -1 -2
-9.474633e-02 -2.194671e-02 5.083032e-01 
2
3
1 7 16 10 0 -1
1 7 8 5 0 2
9 12 8 5 0 2
haar_x2_y2
-1.380135e-01 0 1
2
4 5 4 4 0 -1
4 6 4 2 0 2
haar_y4
-1.680474e-02 -1 -2
-6.872525e-01 -6.587765e-01 1.137153e-01 
2
2
3 0 15 3 0 -1
3 1 15 1 0 3
haar_y3
-1.818157e-02 1 0
2
9 1 1 2 0 -1
9 2 1 1 0 2
haar_y2
5.080041e-05 -1 -2
-8.080154e-02 -7.562570e-02 5.172581e-02 
2
2
3 6 12 15 0 -1
3 11 12 5 0 3
haar_y3
3.576148e-01 1 0
2
0 12 3 10 0 -1
0 17 3 5 0 2
haar_y2
1.465357e-01 -1 -2
-8.142458e-01 8.609799e-02 -8.420011e-01 
2
2
6 3 6 3 0 -1
6 4 6 1 0 3
haar_y3
-9.067293e-03 0 1
2
8 8 3 6 0 -1
9 10 1 2 0 9
haar_point
1.763099e-02 -1 -2
-4.507055e-01 -1.026102e-01 1.172483e-01 
2
2
3 4 12 4 0 -1
3 6 12 2 0 2
haar_y2
4.547498e-02 0 1
2
8 4 8 8 0 -1
8 4 8 4 0 2
tilted_haar_y2
1.135480e-01 -1 -2
-1.823229e-02 5.500612e-01 -6.105129e-01 
2
2
9 3 4 8 0 -1
10 4 2 8 0 2
tilted_haar_y4
8.290346e-02 0 1
2
1 0 16 15 0 -1
1 0 8 15 0 2
haar_x2
-2.449123e-01 -1 -2
1.130907e-02 9.780975e-02 -4.758855e-02 
2
2
9 3 8 4 0 -1
8 4 8 2 0 2
tilted_haar_y4
1.849118e-02 0 1
2
1 0 16 15 0 -1
9 0 8 15 0 2
haar_x2
2.215872e-01 -1 -2
-8.073533e-02 -7.499713e-02 5.269468e-01 
2
3
4 4 12 6 0 -1
10 4 6 3 0 2
4 7 6 3 0 2
haar_x2_y2
1.017345e-01 0 1
2
15 0 3 3 0 -1
14 1 3 1 0 3
tilted_haar_x3
-1.379731e-02 -1 -2
-8.848064e-03 2.942991e-01 -1.314854e-01 
2
3
2 4 12 6 0 -1
2 4 6 3 0 2
8 7 6 3 0 2
haar_x2_y2
-7.325298e-02 0 1
2
3 0 3 3 0 -1
4 1 1 3 0 3
tilted_haar_x3
-1.040483e-02 -1 -2
4.475704e-01 1.708028e-01 -1.305793e-01 
2
3
8 2 10 16 0 -1
13 2 5 8 0 2
8 10 5 8 0 2
haar_x2_y2
2.561250e-01 1 0
2
15 17 3 1 0 -1
16 17 1 1 0 3
haar_x3
-4.283361e-03 -1 -2
-8.306081e-01 4.181080e-01 -5.359502e-02 
2
3
0 2 10 16 0 -1
0 2 5 8 0 2
5 10 5 8 0 2
haar_x2_y2
1.250189e-01 1 0
2
0 17 3 1 0 -1
1 17 1 1 0 3
haar_x3
3.795222e-03 -1 -2
2.480801e-01 -1.508739e-01 3.250138e-01 
2
3
10 20 6 2 0 -1
13 20 3 1 0 2
10 21 3 1 0 2
haar_x2_y2
3.525651e-03 1 0
2
12 15 3 6 0 -1
12 18 3 3 0 2
haar_y2
-2.464653e-02 -1 -2
2.180350e-01 -3.226175e-01 3.469614e-02 
2
2
4 0 4 4 0 -1
3 1 4 2 0 2
tilted_haar_y4
-2.714044e-02 0 1
2
5 15 6 1 0 -1
5 15 3 1 0 2
tilted_haar_x2
3.545295e-04 -1 -2
-6.571658e-01 -1.700628e-01 9.583966e-02 
2
2
14 6 4 4 0 -1
14 7 4 2 0 2
haar_y4
2.947507e-02 1 0
2
14 8 2 2 0 -1
14 9 2 1 0 2
haar_y2
1.786711e-03 -1 -2
-9.091185e-01 -5.382767e-02 1.546757e-01 
2
3
2 16 14 2 0 -1
2 16 7 1 0 2
9 17 7 1 0 2
haar_x2_y2
-2.517316e-03 0 1
2
5 2 8 11 0 -1
7 2 4 11 0 2
haar_x4
3.678018e-02 -1 -2
1.615097e-01 -2.270607e-01 1.599765e-01 
2
2
10 17 1 2 0 -1
10 17 1 1 0 2
tilted_haar_x2
-8.439186e-03 1 0
2
4 4 12 9 0 -1
4 4 6 9 0 2
haar_x2
2.528177e-01 -1 -2
4.444311e-03 1.912737e-03 -1.000015e+00 
2
2
8 17 2 1 0 -1
8 17 1 1 0 2
tilted_haar_x2
3.572938e-03 1 0
2
2 4 12 9 0 -1
8 4 6 9 0 2
haar_x2
2.469194e-01 -1 -2
-4.412868e-01 6.872268e-02 -5.397575e-01 
2
2
9 3 1 9 0 -1
6 6 1 3 0 3
tilted_haar_x3
7.028803e-02 1 0
2
9 4 5 10 0 -1
9 9 5 5 0 2
haar_y2
-6.824408e-02 -1 -2
-5.764914e-01 3.817851e-01 -2.114875e-02 
2
3
5 20 2 2 0 -1
5 20 1 1 0 2
6 21 1 1 0 2
haar_x2_y2
6.400979e-03 1 0
3
4 20 2 2 0 -1
4 20 1 1 0 2
5 21 1 1 0 2
haar_x2_y2
5.484807e-03 -1 -2
6.610925e-01 -5.696232e-02 4.642564e-01 
2
2
3 4 15 4 0 -1
8 4 5 4 0 3
haar_x3
2.294478e-01 1 0
3
4 8 12 8 0 -1
10 8 6 4 0 2
4 12 6 4 0 2
haar_x2_y2
6.906512e-03 -1 -2
-8.674295e-01 -5.242328e-02 6.663418e-02 
2
2
6 13 6 2 0 -1
9 13 3 2 0 2
haar_x2
3.761162e-03 0 1
2
0 4 15 4 0 -1
5 4 5 4 0 3
haar_x3
-3.458722e-02 -1 -2
-1.246898e-01 4.200132e-01 -2.089844e-02 
2
2
7 7 9 12 0 -1
10 7 3 12 0 3
haar_x3
2.299805e-01 1 0
2
8 10 2 2 0 -1
8 11 2 1 0 2
haar_y2
-6.435845e-04 -1 -2
-5.976252e-01 1.840355e-01 -6.599547e-02 
2
2
2 7 9 12 0 -1
5 7 3 12 0 3
haar_x3
7.786575e-02 0 1
2
5 9 6 6 0 -1
7 11 2 2 0 9
haar_point
3.979628e-02 -1 -2
-8.394073e-02 -8.664167e-03 5.005422e-01 
2
2
9 5 2 12 0 -1
9 9 2 4 0 3
haar_y3
9.146118e-02 1 0
2
9 11 1 6 0 -1
9 14 1 3 0 2
haar_y2
-1.758574e-02 -1 -2
-8.296127e-01 -5.819629e-01 1.730627e-02 
2
2
6 4 4 4 0 -1
6 4 2 4 0 2
tilted_haar_x2
5.540561e-02 1 0
2
5 3 6 5 0 -1
5 3 3 5 0 2
tilted_haar_x2
1.857799e-02 -1 -2
6.829249e-01 1.867170e-02 -4.998594e-01 
2
2
6 7 8 6 0 -1
8 7 4 6 0 2
haar_x4
3.329749e-02 1 0
2
1 9 16 3 0 -1
5 9 8 3 0 2
haar_x4
-1.326001e-02 -1 -2
1.606326e-01 -2.320962e-01 2.308753e-02 
2
2
4 7 8 6 0 -1
6 7 4 6 0 2
haar_x4
-1.601287e-02 0 1
2
9 5 6 1 0 -1
11 7 2 1 0 3
tilted_haar_x3
-8.735332e-03 -1 -2
1.898933e-01 1.000435e-01 -2.501367e-01 
2
2
1 21 16 1 0 -1
5 21 8 1 0 2
haar_x4
-2.619599e-02 0 1
2
15 12 2 8 0 -1
15 16 2 4 0 2
haar_y2
3.282477e-02 -1 -2
2.780864e-01 -1.770719e-02 3.454234e-01 
-1.639459e+00

14
-1
