5
2
2
9 0 8 5 0 -1
11 2 4 5 0 2
tilted_haar_x4
-1.959535e-02 1 0
2
1 1 12 9 0 -1
7 1 6 9 0 2
haar_x2
1.060000e-01 -1 -2
-7.789891e-01 -8.746169e-01 7.510556e-01 
2
2
15 3 3 4 0 -1
14 4 3 2 0 2
tilted_haar_x4
-1.004265e-02 1 0
2
9 0 1 9 0 -1
6 3 1 3 0 3
tilted_haar_x3
-7.701213e-03 -1 -2
-4.302782e-01 9.101265e-02 -4.728721e-01 
2
2
9 0 9 1 0 -1
12 3 3 1 0 3
tilted_haar_x3
-3.663322e-02 1 0
3
8 1 2 6 0 -1
8 1 1 3 0 2
9 4 1 3 0 2
haar_x2_y2
2.920955e-03 -1 -2
-7.114919e-01 -6.268102e-01 7.470468e-01 
2
2
1 13 16 1 0 -1
5 13 8 1 0 2
haar_x4
-1.241658e-02 1 0
2
14 7 1 6 0 -1
14 9 1 2 0 3
haar_y3
9.447856e-03 -1 -2
-6.223318e-01 1.360209e-01 -6.064963e-01 
2
2
6 7 2 4 0 -1
5 8 2 2 0 2
tilted_haar_y4
-1.242815e-03 0 1
2
1 15 5 2 0 -1
1 16 5 1 0 2
haar_y2
7.687868e-04 -1 -2
-8.333307e-01 6.849340e-01 -8.536658e-01 
-1.782030e+00

15
-1
