15
2
2
0 1 17 18 0 -1
0 7 17 6 0 3
haar_y3
6.596571e-01 1 0
2
5 11 4 2 0 -1
5 11 4 1 0 2
tilted_haar_y2
-1.346357e-03 -1 -2
-9.587303e-01 -4.854504e-01 3.690591e-01 
2
2
10 7 1 4 0 -1
9 8 1 2 0 2
tilted_haar_x4
2.182149e-03 0 1
2
10 1 2 3 0 -1
10 1 1 3 0 2
haar_x2
9.989362e-05 -1 -2
2.515054e-02 -3.566762e-01 1.381547e-02 
2
2
9 7 4 1 0 -1
10 8 2 1 0 2
tilted_haar_x4
8.618975e-03 0 1
2
7 1 2 3 0 -1
8 1 1 3 0 2
haar_x2
5.411921e-04 -1 -2
-4.495037e-01 -6.290191e-01 3.908650e-01 
2
2
17 11 1 3 0 -1
17 12 1 1 0 3
haar_y3
2.072490e-03 0 1
2
5 13 9 3 0 -1
5 14 9 1 0 3
haar_y3
8.446628e-03 -1 -2
6.748968e-02 -1.841239e-01 4.640903e-01 
2
2
1 11 1 3 0 -1
1 12 1 1 0 3
haar_y3
-1.537433e-03 0 1
2
0 3 19 8 0 -1
0 7 19 4 0 2
haar_y2
2.529593e-01 -1 -2
-7.532004e-01 -3.265134e-01 3.383202e-01 
2
2
10 8 8 5 0 -1
10 8 4 5 0 2
haar_x2
-1.368123e-02 1 0
2
12 1 2 13 0 -1
12 1 1 13 0 2
haar_x2
1.376544e-02 -1 -2
-3.404146e-01 -1.669184e-02 -3.520299e-01 
2
2
0 1 19 18 0 -1
0 7 19 6 0 3
haar_y3
7.544144e-01 1 0
3
0 7 18 2 0 -1
0 7 9 1 0 2
9 8 9 1 0 2
haar_x2_y2
-1.368888e-02 -1 -2
-9.638927e-01 -7.125502e-01 3.345222e-01 
2
2
3 2 14 17 0 -1
3 2 7 17 0 2
haar_x2
-2.893126e-01 1 0
2
17 16 2 3 0 -1
17 16 1 3 0 2
haar_x2
5.170877e-04 -1 -2
-1.905004e-01 -2.936565e-01 1.782702e-01 
2
2
6 14 3 5 0 -1
7 14 1 5 0 3
haar_x3
5.392371e-03 1 0
2
8 13 3 3 0 -1
9 13 1 3 0 3
haar_x3
5.535481e-03 -1 -2
-8.672143e-01 2.976363e-01 -8.754391e-01 
2
2
17 16 2 3 0 -1
17 16 1 3 0 2
haar_x2
2.025328e-03 1 0
2
16 14 3 5 0 -1
17 14 1 5 0 3
haar_x3
2.929931e-03 -1 -2
2.394812e-01 -1.913491e-01 2.116059e-01 
2
2
0 0 3 19 0 -1
1 0 1 19 0 3
haar_x3
-3.570910e-02 0 1
2
6 0 7 3 0 -1
6 1 7 1 0 3
haar_y3
2.489678e-02 -1 -2
6.250315e-01 -5.351278e-01 2.038701e-01 
2
2
17 16 2 3 0 -1
17 16 1 3 0 2
haar_x2
-1.257988e-02 1 0
2
6 1 8 17 0 -1
6 1 4 17 0 2
haar_x2
-1.935798e-01 -1 -2
-2.390263e-02 6.158402e-01 -1.409284e-01 
2
2
0 16 2 3 0 -1
1 16 1 3 0 2
haar_x2
7.101556e-03 1 0
2
5 1 8 17 0 -1
9 1 4 17 0 2
haar_x2
2.347730e-01 -1 -2
7.121968e-01 -2.851682e-01 6.369227e-01 
2
2
10 5 3 2 0 -1
10 6 3 1 0 2
haar_y2
4.833089e-04 0 1
2
17 11 1 2 0 -1
17 12 1 1 0 2
haar_y2
-7.590394e-05 -1 -2
-2.615138e-01 1.832749e-01 -4.564382e-01 
2
2
5 1 2 13 0 -1
6 1 1 13 0 2
haar_x2
-1.446563e-02 0 1
3
1 7 16 12 0 -1
1 7 8 6 0 2
9 13 8 6 0 2
haar_x2_y2
-1.108798e-01 -1 -2
-7.796901e-01 -8.203339e-01 2.833038e-01 
-1.669798e+00

35
40
