9
2
2
7 12 4 3 0 -1
7 13 4 1 0 3
haar_y3
-7.396291e-03 1 0
2
7 8 1 4 0 -1
7 10 1 2 0 2
haar_y2
1.944381e-03 -1 -2
-4.029659e-01 6.589550e-01 -8.554761e-01 
2
2
9 4 6 2 0 -1
11 6 2 2 0 3
tilted_haar_y3
-2.726290e-02 1 0
2
4 5 10 4 0 -1
4 7 10 2 0 2
haar_y2
7.014319e-03 -1 -2
-1.137582e-01 -7.542383e-01 2.371540e-01 
2
2
9 4 2 6 0 -1
7 6 2 2 0 3
tilted_haar_y3
-4.367496e-03 1 0
2
1 3 16 9 0 -1
5 3 8 9 0 2
haar_x4
-5.894144e-02 -1 -2
-7.374423e-01 -8.431971e-01 4.966234e-01 
2
3
7 0 10 2 0 -1
12 0 5 1 0 2
7 1 5 1 0 2
haar_x2_y2
1.135446e-02 1 0
2
1 1 16 19 0 -1
1 1 8 19 0 2
haar_x2
-4.610558e-01 -1 -2
4.745725e-01 5.595528e-01 -2.876394e-01 
2
2
1 0 3 2 0 -1
1 1 3 1 0 2
haar_y2
-9.432779e-03 0 1
2
3 0 12 3 0 -1
3 1 12 1 0 3
haar_y3
3.896150e-02 -1 -2
4.731623e-01 -6.867833e-01 3.758527e-01 
2
2
1 1 16 18 0 -1
1 1 8 18 0 2
haar_x2
6.383588e-01 0 1
2
3 9 12 6 0 -1
6 9 6 6 0 2
haar_x4
-1.015969e-01 -1 -2
-3.144598e-01 6.076870e-01 -2.367434e-01 
2
3
2 5 2 2 0 -1
2 5 1 1 0 2
3 6 1 1 0 2
haar_x2_y2
4.961519e-05 0 1
2
1 6 16 9 0 -1
1 9 16 3 0 3
haar_y3
2.454714e-02 -1 -2
-4.866419e-01 -8.406538e-01 6.244306e-01 
2
2
1 1 16 18 0 -1
1 1 8 18 0 2
haar_x2
6.364753e-01 0 1
2
3 9 12 6 0 -1
6 9 6 6 0 2
haar_x4
-9.156422e-02 -1 -2
-1.701845e-01 6.221549e-01 -1.516599e-01 
2
2
1 11 4 4 0 -1
1 12 4 2 0 2
haar_y4
-4.382308e-03 0 1
2
1 12 2 6 0 -1
1 14 2 2 0 3
haar_y3
-7.278774e-03 -1 -2
-9.278914e-01 -7.155715e-01 4.951613e-01 
-1.593642e+00

11
-1
