5
2
2
7 0 4 20 0 -1
7 10 4 10 0 2
haar_y2
-4.400421e-03 1 0
2
2 5 12 8 0 -1
2 9 12 4 0 2
haar_y2
3.079816e-02 -1 -2
-8.265331e-01 -7.703305e-01 6.615126e-01 
2
2
5 17 9 3 0 -1
5 18 9 1 0 3
haar_y3
-1.046674e-02 1 0
2
2 10 6 4 0 -1
5 10 3 4 0 2
haar_x2
-2.778685e-05 -1 -2
-6.256616e-01 6.915374e-01 -6.874865e-01 
2
2
3 6 3 1 0 -1
4 6 1 1 0 3
haar_x3
-2.676191e-03 0 1
2
1 1 16 18 0 -1
9 1 8 18 0 2
haar_x2
6.286143e-01 -1 -2
6.467292e-01 -6.510786e-01 9.062818e-01 
2
3
8 0 10 2 0 -1
8 0 5 1 0 2
13 1 5 1 0 2
haar_x2_y2
-1.222188e-02 0 1
2
7 4 4 16 0 -1
9 4 2 16 0 2
haar_x2
1.062067e-01 -1 -2
6.997941e-01 -7.062034e-01 6.384412e-01 
2
2
2 1 16 16 0 -1
10 1 8 16 0 2
haar_x2
-4.351906e-01 0 1
2
7 9 8 7 0 -1
11 9 4 7 0 2
haar_x2
7.038298e-02 -1 -2
8.976561e-01 -9.082885e-01 2.012689e-01 
-1.102758e+00

5
-1
