23
2
2
0 3 19 16 0 -1
0 7 19 8 0 2
haar_y4
3.529595e-01 0 1
2
2 1 15 7 0 -1
7 1 5 7 0 3
haar_x3
1.368233e-01 -1 -2
-4.160295e-01 -3.957990e-01 5.662156e-01 
2
2
9 2 2 8 0 -1
9 2 1 8 0 2
haar_x2
-1.311096e-02 0 1
2
13 10 4 1 0 -1
14 10 2 1 0 2
haar_x4
-1.114521e-03 -1 -2
3.730937e-01 1.942256e-01 -4.174364e-02 
2
2
2 0 15 3 0 -1
2 1 15 1 0 3
haar_y3
7.777050e-02 1 0
3
1 12 12 2 0 -1
1 12 6 1 0 2
7 13 6 1 0 2
haar_x2_y2
7.305517e-03 -1 -2
4.474158e-01 -4.737794e-01 1.410584e-01 
2
2
7 9 5 4 0 -1
7 10 5 2 0 2
haar_y4
7.122925e-03 0 1
2
10 10 5 3 0 -1
10 11 5 1 0 3
haar_y3
1.199410e-02 -1 -2
-2.316168e-01 6.263822e-02 -7.780029e-01 
2
2
4 10 2 1 0 -1
5 10 1 1 0 2
haar_x2
-5.689052e-05 1 0
2
8 4 1 3 0 -1
8 5 1 1 0 3
haar_y3
1.359221e-03 -1 -2
-4.033985e-01 3.838058e-01 -8.287232e-01 
2
2
18 4 1 6 0 -1
18 7 1 3 0 2
haar_y2
3.401751e-03 1 0
2
17 5 1 2 0 -1
17 6 1 1 0 2
haar_y2
1.239887e-03 -1 -2
1.364629e-01 -3.986842e-01 2.414472e-01 
2
2
0 4 1 6 0 -1
0 7 1 3 0 2
haar_y2
1.303630e-02 1 0
2
5 11 3 2 0 -1
5 11 3 1 0 2
tilted_haar_y2
-2.568539e-03 -1 -2
-7.004257e-01 -6.214784e-01 1.671521e-01 
2
2
10 3 1 4 0 -1
9 4 1 2 0 2
tilted_haar_x4
-2.839975e-03 0 1
2
2 5 15 2 0 -1
2 6 15 1 0 2
haar_y2
1.116580e-02 -1 -2
6.505135e-02 -4.053538e-01 8.203729e-02 
2
2
0 9 2 10 0 -1
1 9 1 10 0 2
haar_x2
1.582558e-02 1 0
2
0 2 3 17 0 -1
1 2 1 17 0 3
haar_x3
-1.989654e-02 -1 -2
3.765460e-01 2.952315e-01 -4.754092e-01 
2
2
9 16 3 3 0 -1
10 16 1 3 0 3
haar_x3
-2.554673e-03 0 1
2
10 3 1 4 0 -1
9 4 1 2 0 2
tilted_haar_x4
-1.126920e-03 -1 -2
-7.710602e-01 5.755816e-02 -4.832337e-01 
2
2
7 16 3 3 0 -1
8 16 1 3 0 3
haar_x3
-2.998131e-03 0 1
2
5 4 9 7 0 -1
8 4 3 7 0 3
haar_x3
7.562982e-02 -1 -2
-7.088541e-01 -1.321488e-01 4.654460e-01 
2
2
15 18 2 1 0 -1
15 18 1 1 0 2
haar_x2
5.170472e-05 1 0
2
1 8 18 10 0 -1
7 8 6 10 0 3
haar_x3
-1.772985e-01 -1 -2
2.039573e-01 3.211051e-01 -1.316199e-01 
2
2
2 18 2 1 0 -1
3 18 1 1 0 2
haar_x2
3.510858e-04 1 0
2
4 0 3 3 0 -1
4 1 3 1 0 3
haar_y3
-1.323679e-02 -1 -2
2.155749e-01 5.300837e-01 -4.331964e-01 
2
2
7 6 5 3 0 -1
7 7 5 1 0 3
haar_y3
5.607767e-03 1 0
2
12 2 4 3 0 -1
13 2 2 3 0 2
haar_x4
-1.985823e-03 -1 -2
-7.317296e-01 1.921941e-01 -2.282511e-01 
2
2
9 1 10 1 0 -1
9 1 5 1 0 2
tilted_haar_x2
1.752113e-02 1 0
2
5 8 5 3 0 -1
5 9 5 1 0 3
haar_y3
1.249143e-02 -1 -2
-6.595464e-01 2.617547e-01 -8.004906e-01 
2
2
11 2 5 3 0 -1
11 3 5 1 0 3
haar_y3
-1.548218e-03 0 1
2
8 0 3 3 0 -1
8 1 3 1 0 3
haar_y3
4.258409e-03 -1 -2
8.622291e-02 -3.114806e-01 2.133936e-01 
2
2
1 13 1 3 0 -1
1 14 1 1 0 3
haar_y3
8.491281e-04 1 0
2
1 13 3 3 0 -1
1 14 3 1 0 3
haar_y3
-4.678768e-03 -1 -2
-6.052067e-01 -6.805491e-01 1.951344e-01 
2
2
10 7 1 4 0 -1
9 8 1 2 0 2
tilted_haar_x4
3.230091e-03 0 1
2
10 5 3 2 0 -1
11 6 1 2 0 3
tilted_haar_y3
8.195352e-03 -1 -2
2.734996e-02 -1.783327e-01 1.396196e-01 
2
2
8 5 2 3 0 -1
8 6 2 1 0 3
haar_y3
2.161858e-03 1 0
2
3 2 3 3 0 -1
3 3 3 1 0 3
haar_y3
-6.442935e-03 -1 -2
-7.612820e-01 4.523247e-01 -1.331212e-01 
2
2
10 2 2 1 0 -1
10 2 1 1 0 2
haar_x2
-5.642652e-04 0 1
2
10 1 3 5 0 -1
11 1 1 5 0 3
haar_x3
1.612534e-02 -1 -2
-5.540087e-01 3.798049e-02 -7.093470e-01 
2
2
5 10 5 2 0 -1
5 11 5 1 0 2
haar_y2
-3.862155e-04 1 0
3
3 9 12 10 0 -1
3 9 6 5 0 2
9 14 6 5 0 2
haar_x2_y2
-6.217360e-02 -1 -2
-4.828071e-01 -7.705745e-01 2.643263e-01 
2
2
10 8 3 5 0 -1
11 8 1 5 0 3
haar_x3
-1.672330e-02 1 0
2
10 1 4 3 0 -1
10 1 2 3 0 2
haar_x2
2.173630e-03 -1 -2
-8.198714e-03 -3.009776e-01 3.376329e-02 
2
2
6 8 3 5 0 -1
7 8 1 5 0 3
haar_x3
-2.394137e-03 1 0
2
5 1 4 3 0 -1
7 1 2 3 0 2
haar_x2
1.478014e-03 -1 -2
-4.528724e-01 -5.353647e-01 3.022288e-01 
-1.795091e+00

47
-1
