7
2
2
2 13 10 2 0 -1
7 13 5 2 0 2
haar_x2
-3.836490e-02 1 0
2
1 1 9 12 0 -1
4 5 3 4 0 9
haar_point
-1.265471e-01 -1 -2
-7.175125e-01 7.055183e-01 -7.361717e-01 
2
2
7 11 4 4 0 -1
8 11 2 4 0 2
haar_x4
1.146897e-02 1 0
2
1 1 16 19 0 -1
1 1 8 19 0 2
haar_x2
7.292030e-01 -1 -2
4.670549e-01 -1.895982e-01 6.872547e-01 
2
2
7 11 4 3 0 -1
7 12 4 1 0 3
haar_y3
8.020414e-03 1 0
2
5 17 3 3 0 -1
5 18 3 1 0 3
haar_y3
-1.383971e-02 -1 -2
3.520484e-01 1.909846e-01 -7.481297e-01 
2
2
9 3 2 12 0 -1
9 3 1 12 0 2
haar_x2
3.241875e-02 0 1
2
3 14 14 6 0 -1
3 17 14 3 0 2
haar_y2
-3.200004e-03 -1 -2
-3.183840e-01 9.261259e-02 -7.844026e-01 
2
2
7 3 2 11 0 -1
8 3 1 11 0 2
haar_x2
2.217581e-03 0 1
2
1 14 4 6 0 -1
1 16 4 2 0 3
haar_y3
1.828095e-02 -1 -2
-6.074041e-01 5.185412e-01 -9.605271e-01 
2
2
0 0 18 2 0 -1
0 1 18 1 0 2
haar_y2
-3.789236e-02 0 1
2
4 0 12 3 0 -1
4 1 12 1 0 3
haar_y3
-3.113089e-02 -1 -2
7.582198e-01 7.360979e-01 -1.660286e-01 
2
2
2 0 12 3 0 -1
2 1 12 1 0 3
haar_y3
2.548038e-02 1 0
2
1 1 14 16 0 -1
8 1 7 16 0 2
haar_x2
4.134794e-01 -1 -2
5.668167e-01 -5.754501e-01 9.012734e-01 
-1.506540e+00

25
-1
