6
2
2
2 3 3 3 0 -1
2 4 3 1 0 3
haar_y3
3.830809e-03 1 0
2
1 1 16 19 0 -1
9 1 8 19 0 2
haar_x2
7.174997e-01 -1 -2
4.674172e-01 -6.252649e-01 6.012846e-01 
2
2
12 6 3 1 0 -1
13 6 1 1 0 3
haar_x3
-4.390039e-03 0 1
2
11 3 3 6 0 -1
9 5 3 2 0 3
tilted_haar_x3
4.698268e-02 -1 -2
5.657359e-01 -1.031493e-02 -5.692026e-01 
2
2
6 8 6 7 0 -1
9 8 3 7 0 2
haar_x2
-7.344976e-02 0 1
2
9 1 9 1 0 -1
12 4 3 1 0 3
tilted_haar_x3
-4.332708e-02 -1 -2
6.236722e-01 1.734584e-01 -8.835241e-01 
2
2
12 6 3 1 0 -1
13 6 1 1 0 3
haar_x3
-1.972920e-03 0 1
2
16 0 2 7 0 -1
16 0 1 7 0 2
haar_x2
-2.904781e-03 -1 -2
1.389746e-01 -3.984325e-02 -2.258053e-01 
2
2
3 6 3 1 0 -1
4 6 1 1 0 3
haar_x3
-4.639641e-03 0 1
2
0 0 2 7 0 -1
1 0 1 7 0 2
haar_x2
-2.965762e-02 -1 -2
5.199370e-01 3.476820e-01 -6.399038e-01 
2
2
7 3 4 12 0 -1
8 3 2 12 0 2
haar_x4
3.912454e-02 1 0
2
7 2 4 11 0 -1
7 2 2 11 0 2
haar_x2
-8.134525e-02 -1 -2
5.575874e-01 6.187021e-01 -1.924351e-01 
-1.070052e+00

10
-1
