6
2
2
5 17 8 3 0 -1
5 18 8 1 0 3
haar_y3
-1.300683e-02 0 1
2
0 0 18 2 0 -1
0 1 18 1 0 2
haar_y2
-4.019494e-02 -1 -2
5.298359e-01 6.891013e-01 -6.687875e-01 
2
2
8 2 4 5 0 -1
8 2 2 5 0 2
haar_x2
2.679962e-02 0 1
2
9 0 2 8 0 -1
7 2 2 4 0 2
tilted_haar_x4
-8.012783e-03 -1 -2
-2.659834e-01 1.031080e-01 -8.168482e-01 
2
2
6 2 4 5 0 -1
8 2 2 5 0 2
haar_x2
8.620074e-03 0 1
2
9 0 8 2 0 -1
11 2 4 2 0 2
tilted_haar_x4
-4.914872e-04 -1 -2
-6.558271e-01 6.294060e-01 -7.405244e-01 
2
2
15 16 1 4 0 -1
15 18 1 2 0 2
haar_y2
7.325507e-04 1 0
2
14 15 3 4 0 -1
14 16 3 2 0 2
haar_y4
4.309210e-03 -1 -2
-7.009884e-01 1.654443e-01 -9.278533e-01 
2
2
3 6 2 1 0 -1
3 6 1 1 0 2
tilted_haar_x2
-4.929723e-05 1 0
2
8 7 1 4 0 -1
8 8 1 2 0 2
haar_y4
1.418498e-03 -1 -2
-8.713215e-01 5.126872e-01 -8.312042e-01 
2
2
6 12 6 3 0 -1
6 13 6 1 0 3
haar_y3
-7.966911e-03 1 0
2
14 8 2 5 0 -1
14 8 1 5 0 2
tilted_haar_y2
1.126304e-02 -1 -2
-4.951102e-01 6.921069e-02 -7.299544e-01 
-1.741197e+00

7
-1
