8
2
3
0 0 2 12 0 -1
0 0 1 6 0 2
1 6 1 6 0 2
haar_x2_y2
-1.926292e-02 0 1
3
0 10 2 10 0 -1
0 10 1 5 0 2
1 15 1 5 0 2
haar_x2_y2
2.420826e-02 -1 -2
4.685820e-01 -6.458938e-01 3.357475e-01 
2
2
13 2 2 6 0 -1
13 4 2 2 0 3
haar_y3
6.254870e-03 1 0
2
10 4 6 6 0 -1
10 6 6 2 0 3
haar_y3
-4.618798e-02 -1 -2
3.689225e-01 3.531443e-01 -6.483991e-01 
2
2
10 0 8 1 0 -1
14 0 4 1 0 2
haar_x2
9.980332e-03 0 1
2
1 0 4 2 0 -1
1 1 4 1 0 2
haar_y2
-1.652510e-03 -1 -2
-8.147390e-01 3.922994e-01 -9.174369e-01 
2
2
8 6 8 12 0 -1
8 9 8 6 0 2
haar_y4
3.060583e-02 1 0
2
14 0 4 3 0 -1
13 1 4 1 0 3
tilted_haar_y3
-6.728642e-02 -1 -2
2.256992e-01 8.961645e-01 -8.486706e-01 
2
2
14 17 1 2 0 -1
14 17 1 1 0 2
tilted_haar_y2
5.626936e-05 0 1
2
10 9 8 6 0 -1
10 12 8 3 0 2
haar_y2
-5.660907e-05 -1 -2
-8.792514e-01 3.144001e-01 -9.662676e-01 
2
2
6 12 2 6 0 -1
4 14 2 2 0 3
tilted_haar_y3
-2.150743e-03 1 0
2
16 8 1 12 0 -1
16 11 1 6 0 2
haar_y4
-1.323721e-03 -1 -2
-8.804951e-01 4.522125e-01 -5.089332e-01 
2
2
10 14 6 5 0 -1
13 14 3 5 0 2
haar_x2
-8.964182e-04 1 0
2
9 18 3 2 0 -1
10 18 1 2 0 3
haar_x3
2.584837e-03 -1 -2
-7.403301e-01 3.880425e-01 -8.180666e-01 
2
2
1 0 4 4 0 -1
2 0 2 4 0 2
haar_x4
-3.583391e-05 1 0
2
5 1 1 3 0 -1
4 2 1 1 0 3
tilted_haar_y3
-3.617875e-03 -1 -2
-6.753089e-01 -8.544566e-01 3.936029e-01 
-1.795144e+00

12
-1
