13
2
2
2 2 15 5 0 -1
7 2 5 5 0 3
haar_x3
1.260569e-01 0 1
2
3 0 11 3 0 -1
3 1 11 1 0 3
haar_y3
2.555532e-02 -1 -2
-4.222226e-01 -7.902549e-02 7.241971e-01 
2
2
0 2 19 16 0 -1
0 6 19 8 0 2
haar_y4
2.841184e-01 0 1
2
10 5 3 2 0 -1
11 6 1 2 0 3
tilted_haar_y3
3.761386e-03 -1 -2
-4.697817e-01 -3.797649e-01 1.726820e-01 
2
2
9 5 2 3 0 -1
8 6 2 1 0 3
tilted_haar_y3
-2.736775e-05 1 0
2
7 6 2 3 0 -1
7 7 2 1 0 3
haar_y3
-2.296400e-03 -1 -2
-5.527508e-01 -7.216350e-01 3.931995e-01 
2
3
13 15 6 4 0 -1
16 15 3 2 0 2
13 17 3 2 0 2
haar_x2_y2
9.736433e-03 1 0
2
17 1 2 18 0 -1
17 1 1 18 0 2
haar_x2
-2.619380e-02 -1 -2
5.288592e-01 -5.624346e-01 2.479549e-02 
2
2
5 14 8 3 0 -1
5 15 8 1 0 3
haar_y3
7.274716e-03 1 0
2
4 14 11 4 0 -1
4 15 11 2 0 2
haar_y4
-2.199041e-02 -1 -2
3.000518e-01 1.066255e-01 -6.195019e-01 
2
2
14 3 2 14 0 -1
14 3 1 14 0 2
haar_x2
3.267009e-03 1 0
2
9 6 6 6 0 -1
9 8 6 2 0 3
haar_y3
8.329252e-03 -1 -2
-3.743686e-01 -6.077057e-01 9.199422e-02 
2
2
3 3 2 14 0 -1
4 3 1 14 0 2
haar_x2
-1.943581e-03 1 0
2
3 9 3 1 0 -1
4 9 1 1 0 3
haar_x3
-8.742084e-04 -1 -2
-3.968440e-01 -5.636610e-01 3.985766e-01 
2
2
10 9 3 2 0 -1
11 9 1 2 0 3
haar_x3
-8.905835e-03 1 0
2
10 11 2 4 0 -1
10 11 1 4 0 2
haar_x2
1.283942e-02 -1 -2
7.969751e-03 2.115031e-02 -9.127759e-01 
2
2
6 9 3 2 0 -1
7 9 1 2 0 3
haar_x3
-1.765084e-04 1 0
2
7 11 2 4 0 -1
8 11 1 4 0 2
haar_x2
8.259445e-03 -1 -2
-6.546764e-01 2.286348e-01 -9.119882e-01 
2
2
16 15 1 3 0 -1
16 16 1 1 0 3
haar_y3
2.327628e-03 0 1
2
16 15 1 3 0 -1
16 16 1 1 0 3
haar_y3
2.327628e-03 -1 -2
2.906348e-02 2.906348e-02 -5.872429e-01 
2
2
2 15 1 3 0 -1
2 16 1 1 0 3
haar_y3
-1.481270e-03 0 1
2
2 15 1 3 0 -1
2 16 1 1 0 3
haar_y3
1.933208e-03 -1 -2
-7.344396e-01 2.296403e-01 -7.729290e-01 
2
3
13 15 6 4 0 -1
16 15 3 2 0 2
13 17 3 2 0 2
haar_x2_y2
1.656900e-02 1 0
2
17 3 2 16 0 -1
17 3 1 16 0 2
haar_x2
-3.833540e-03 -1 -2
4.630916e-01 1.191898e-01 -1.167293e-01 
2
2
1 0 17 4 0 -1
1 1 17 2 0 2
haar_y4
8.085218e-02 1 0
2
0 3 3 3 0 -1
1 3 1 3 0 3
haar_x3
-4.908316e-03 -1 -2
5.033793e-01 3.751404e-01 -4.657318e-01 
-1.636044e+00

38
-1
