23
2
2
0 4 19 6 0 -1
0 7 19 3 0 2
haar_y2
2.394310e-01 0 1
2
8 4 2 2 0 -1
9 4 1 2 0 2
haar_x2
2.745512e-03 -1 -2
-2.688875e-01 -3.858426e-01 6.558077e-01 
2
2
14 11 3 1 0 -1
15 11 1 1 0 3
haar_x3
1.110521e-04 0 1
2
12 13 3 6 0 -1
12 15 3 2 0 3
haar_y3
-1.681027e-02 -1 -2
-1.071181e-01 3.081194e-01 -1.751550e-01 
2
2
2 11 3 1 0 -1
3 11 1 1 0 3
haar_x3
8.522502e-05 0 1
2
1 14 4 3 0 -1
1 15 4 1 0 3
haar_y3
3.313356e-03 -1 -2
-4.235303e-01 3.336003e-01 -6.391016e-01 
2
2
6 0 8 3 0 -1
6 1 8 1 0 3
haar_y3
2.553805e-02 1 0
2
0 0 19 2 0 -1
0 1 19 1 0 2
haar_y2
1.297195e-02 -1 -2
3.425359e-01 -2.073077e-01 2.634722e-01 
2
2
0 0 19 2 0 -1
0 1 19 1 0 2
haar_y2
-5.450432e-02 0 1
2
0 5 3 7 0 -1
1 5 1 7 0 3
haar_x3
9.930404e-03 -1 -2
5.998997e-01 -4.169637e-01 2.819883e-01 
2
2
8 1 7 6 0 -1
8 3 7 2 0 3
haar_y3
-1.440959e-02 1 0
2
18 1 1 4 0 -1
18 3 1 2 0 2
haar_y2
-6.670076e-04 -1 -2
-3.409809e-01 1.020853e-01 -1.929732e-01 
2
3
4 4 4 6 0 -1
4 4 2 3 0 2
6 7 2 3 0 2
haar_x2_y2
-8.232501e-03 1 0
2
9 1 10 2 0 -1
9 1 10 1 0 2
tilted_haar_y2
-2.303702e-03 -1 -2
-2.305826e-01 -3.093033e-01 5.065553e-01 
2
2
18 1 1 8 0 -1
18 3 1 4 0 2
haar_y4
-3.474291e-03 0 1
3
10 14 4 2 0 -1
12 14 2 1 0 2
10 15 2 1 0 2
haar_x2_y2
1.292685e-03 -1 -2
1.089778e-01 -1.561484e-01 2.217363e-01 
2
2
0 1 1 8 0 -1
0 3 1 4 0 2
haar_y4
-1.234750e-02 0 1
3
5 14 4 2 0 -1
5 14 2 1 0 2
7 15 2 1 0 2
haar_x2_y2
1.147192e-03 -1 -2
-7.637182e-01 -2.138188e-01 3.354520e-01 
2
2
7 16 5 3 0 -1
7 17 5 1 0 3
haar_y3
1.182487e-02 1 0
2
7 16 5 3 0 -1
7 17 5 1 0 3
haar_y3
1.182487e-02 -1 -2
6.179605e-01 -1.258704e-01 6.179605e-01 
2
2
8 6 1 3 0 -1
8 7 1 1 0 3
haar_y3
-8.462491e-04 0 1
2
8 6 6 1 0 -1
10 8 2 1 0 3
tilted_haar_x3
1.580141e-02 -1 -2
-6.354532e-01 -4.009664e-01 2.732508e-01 
2
2
7 16 5 3 0 -1
7 17 5 1 0 3
haar_y3
-7.562092e-03 0 1
2
8 15 5 3 0 -1
8 16 5 1 0 3
haar_y3
9.167811e-03 -1 -2
4.045024e-01 -1.231667e-01 4.424541e-01 
2
2
8 14 3 2 0 -1
9 14 1 2 0 3
haar_x3
4.601102e-03 1 0
3
0 17 8 2 0 -1
0 17 4 1 0 2
4 18 4 1 0 2
haar_x2_y2
4.548920e-03 -1 -2
-9.074519e-01 -2.603382e-01 2.827673e-01 
2
2
14 8 2 1 0 -1
14 8 1 1 0 2
haar_x2
8.432157e-04 1 0
2
17 14 2 4 0 -1
17 14 1 4 0 2
haar_x2
1.100504e-03 -1 -2
-6.697690e-01 -1.189198e-01 1.023345e-01 
2
2
9 6 2 3 0 -1
8 7 2 1 0 3
tilted_haar_y3
-1.062155e-02 0 1
2
2 8 3 1 0 -1
3 8 1 1 0 3
haar_x3
-9.397808e-04 -1 -2
-6.962363e-01 -5.780933e-01 2.532461e-01 
2
2
12 11 4 4 0 -1
12 11 2 4 0 2
tilted_haar_y2
-5.780785e-02 0 1
2
17 15 1 3 0 -1
17 16 1 1 0 3
haar_y3
-2.160242e-03 -1 -2
-9.557452e-01 -7.935692e-01 7.246280e-02 
2
2
7 11 4 4 0 -1
7 11 4 2 0 2
tilted_haar_y2
-1.504654e-02 0 1
2
9 6 1 3 0 -1
8 7 1 1 0 3
tilted_haar_y3
1.982271e-04 -1 -2
-6.126119e-01 2.492423e-01 -4.535968e-01 
2
2
17 5 2 14 0 -1
17 5 1 14 0 2
haar_x2
-3.480275e-03 0 1
2
6 0 10 3 0 -1
6 1 10 1 0 3
haar_y3
2.276808e-02 -1 -2
1.705038e-01 -1.927758e-01 1.929437e-01 
2
2
0 5 2 14 0 -1
1 5 1 14 0 2
haar_x2
-1.175017e-02 0 1
2
4 5 10 6 0 -1
9 5 5 6 0 2
haar_x2
-8.933158e-02 -1 -2
4.536676e-01 8.693424e-01 -2.994227e-01 
2
2
13 7 3 1 0 -1
14 7 1 1 0 3
haar_x3
-1.810758e-03 1 0
2
16 3 3 16 0 -1
16 7 3 8 0 2
haar_y4
2.041196e-02 -1 -2
9.587427e-02 -7.190831e-01 1.435151e-01 
2
2
0 3 3 16 0 -1
0 7 3 8 0 2
haar_y4
4.129703e-02 0 1
2
3 7 3 1 0 -1
4 7 1 1 0 3
haar_x3
1.079668e-03 -1 -2
-3.830877e-01 2.742927e-01 -6.652860e-01 
2
2
12 15 2 1 0 -1
12 15 1 1 0 2
tilted_haar_y2
-5.686286e-03 0 1
2
7 8 5 6 0 -1
7 10 5 2 0 3
haar_y3
-4.592644e-02 -1 -2
-3.153171e-01 6.175947e-01 -8.227004e-02 
2
2
8 8 2 2 0 -1
8 9 2 1 0 2
haar_y2
-1.704785e-04 0 1
2
9 8 2 2 0 -1
9 8 2 1 0 2
tilted_haar_y2
2.604792e-05 -1 -2
-4.009467e-01 -6.062742e-01 2.818505e-01 
-1.832174e+00

50
-1
