36
2
2
1 0 16 2 0 -1
5 0 8 2 0 2
haar_x4
-4.244027e-02 0 1
2
5 0 3 5 0 -1
6 1 1 5 0 3
tilted_haar_x3
-2.259987e-02 -1 -2
5.987403e-01 2.944621e-01 -4.674182e-01 
2
2
14 14 4 4 0 -1
15 15 2 4 0 2
tilted_haar_y4
-2.000941e-02 0 1
2
3 0 12 4 0 -1
3 1 12 2 0 2
haar_y4
-1.996413e-02 -1 -2
2.758671e-01 4.314233e-01 -2.009734e-01 
2
2
4 14 4 4 0 -1
3 15 4 2 0 2
tilted_haar_y4
-1.616829e-02 0 1
2
6 6 6 6 0 -1
4 8 6 2 0 3
tilted_haar_y3
4.055230e-02 -1 -2
4.084106e-01 -4.368162e-01 1.287501e-01 
2
2
14 5 4 8 0 -1
14 5 4 4 0 2
tilted_haar_x2
-2.679315e-02 0 1
2
12 0 6 2 0 -1
12 0 6 1 0 2
tilted_haar_x2
-1.926533e-02 -1 -2
1.245003e-01 3.733352e-01 -1.326476e-01 
2
2
5 2 10 3 0 -1
5 2 5 3 0 2
tilted_haar_x2
-1.009513e-01 0 1
2
6 0 2 5 0 -1
6 0 1 5 0 2
tilted_haar_x2
-2.738777e-02 -1 -2
2.602595e-01 5.972977e-01 -4.452029e-01 
2
2
12 0 6 4 0 -1
11 1 6 2 0 2
tilted_haar_x4
-3.925956e-02 0 1
2
16 14 2 6 0 -1
16 14 1 6 0 2
tilted_haar_y2
1.577662e-02 -1 -2
5.662771e-01 4.853694e-02 -3.196725e-01 
2
2
5 1 4 5 0 -1
6 2 2 5 0 2
tilted_haar_x4
-3.584907e-02 0 1
2
0 3 12 12 0 -1
6 3 6 12 0 2
haar_x2
1.303320e-01 -1 -2
5.221222e-01 -4.974069e-01 4.792751e-02 
2
3
16 12 2 4 0 -1
17 12 1 2 0 2
16 14 1 2 0 2
haar_x2_y2
8.729449e-03 0 1
3
13 20 2 2 0 -1
14 20 1 1 0 2
13 21 1 1 0 2
haar_x2_y2
-2.766741e-03 -1 -2
-5.478144e-02 5.431123e-01 -9.182269e-02 
2
3
0 12 2 4 0 -1
0 12 1 2 0 2
1 14 1 2 0 2
haar_x2_y2
-5.101038e-03 0 1
3
3 20 2 2 0 -1
3 20 1 1 0 2
4 21 1 1 0 2
haar_x2_y2
-2.909706e-03 -1 -2
5.778782e-01 6.044132e-01 -1.618662e-01 
2
2
9 4 2 6 0 -1
7 6 2 2 0 3
tilted_haar_x3
-3.042981e-02 0 1
2
9 14 2 4 0 -1
9 14 2 2 0 2
tilted_haar_x2
3.705049e-02 -1 -2
1.919568e-01 3.330336e-02 -4.114368e-01 
2
2
9 4 6 2 0 -1
11 6 2 2 0 3
tilted_haar_x3
-3.487647e-02 0 1
2
6 2 4 1 0 -1
8 2 2 1 0 2
haar_x2
-3.301589e-03 -1 -2
4.861781e-01 -7.359248e-01 -4.695966e-02 
2
2
9 14 2 4 0 -1
9 14 2 2 0 2
tilted_haar_x2
1.113048e-02 1 0
2
15 8 2 12 0 -1
11 12 2 4 0 3
tilted_haar_x3
1.391621e-01 -1 -2
1.010435e-01 1.164298e-02 -8.953041e-01 
2
2
9 14 4 2 0 -1
9 14 2 2 0 2
tilted_haar_x2
2.282594e-02 1 0
2
3 8 12 2 0 -1
7 12 4 2 0 3
tilted_haar_x3
4.032309e-02 -1 -2
-7.225671e-01 -2.123034e-01 2.527701e-01 
2
2
8 8 2 6 0 -1
8 10 2 2 0 3
haar_y3
6.491491e-03 1 0
2
9 5 3 8 0 -1
10 6 1 8 0 3
tilted_haar_y3
1.960249e-02 -1 -2
2.237549e-01 -5.279316e-02 1.924306e-01 
2
3
2 1 4 2 0 -1
2 1 2 1 0 2
4 2 2 1 0 2
haar_x2_y2
6.390024e-03 1 0
3
2 0 10 2 0 -1
2 0 5 1 0 2
7 1 5 1 0 2
haar_x2_y2
-1.264412e-02 -1 -2
4.273916e-01 3.801096e-01 -2.922028e-01 
2
2
17 6 1 3 0 -1
16 7 1 1 0 3
tilted_haar_x3
2.386979e-03 0 1
2
15 15 2 5 0 -1
15 15 1 5 0 2
tilted_haar_y2
1.579147e-03 -1 -2
-1.072107e-01 -9.452235e-02 8.064315e-02 
2
2
9 15 4 1 0 -1
10 16 2 1 0 2
tilted_haar_x4
5.223775e-03 1 0
2
4 11 10 8 0 -1
4 15 10 4 0 2
haar_y2
-1.362280e-01 -1 -2
-5.297513e-01 -8.054345e-01 1.933771e-01 
2
2
9 11 4 4 0 -1
9 11 2 4 0 2
tilted_haar_y2
5.052925e-02 1 0
2
7 6 6 9 0 -1
9 9 2 3 0 9
haar_point
5.417713e-02 -1 -2
-5.807510e-01 -1.179998e-01 1.171554e-01 
2
3
2 5 14 6 0 -1
2 5 7 3 0 2
9 8 7 3 0 2
haar_x2_y2
-8.138666e-02 0 1
2
3 15 5 2 0 -1
3 15 5 1 0 2
tilted_haar_y2
-3.502833e-02 -1 -2
5.752387e-01 7.693399e-01 -1.065330e-01 
2
2
5 8 9 4 0 -1
8 8 3 4 0 3
haar_x3
-1.333590e-02 0 1
2
10 5 4 8 0 -1
11 6 2 8 0 2
tilted_haar_y4
-4.652471e-03 -1 -2
3.019613e-01 1.394786e-01 -5.821139e-02 
2
2
1 6 3 1 0 -1
2 7 1 1 0 3
tilted_haar_x3
-1.263814e-02 0 1
2
9 10 4 6 0 -1
9 10 4 3 0 2
tilted_haar_y2
2.520388e-02 -1 -2
5.356405e-01 -4.364735e-01 3.374305e-03 
2
2
16 10 2 4 0 -1
16 10 2 2 0 2
tilted_haar_x2
-1.484016e-03 1 0
2
15 16 3 2 0 -1
16 17 1 2 0 3
tilted_haar_y3
-1.515375e-02 -1 -2
-1.671271e-01 4.663792e-01 -4.235066e-02 
2
2
2 10 4 2 0 -1
2 10 2 2 0 2
tilted_haar_x2
1.247095e-02 1 0
2
3 5 1 2 0 -1
3 6 1 1 0 2
haar_y2
-1.143088e-03 -1 -2
-5.467826e-01 -3.484887e-01 2.157648e-01 
2
3
13 20 2 2 0 -1
14 20 1 1 0 2
13 21 1 1 0 2
haar_x2_y2
-2.293811e-03 1 0
2
15 16 3 2 0 -1
16 17 1 2 0 3
tilted_haar_y3
5.780596e-03 -1 -2
-8.056209e-02 -8.629070e-02 2.362306e-01 
2
2
6 2 1 2 0 -1
6 2 1 1 0 2
tilted_haar_y2
2.619075e-03 1 0
2
0 0 15 3 0 -1
0 1 15 1 0 3
haar_y3
-7.531951e-03 -1 -2
-4.009356e-01 3.845867e-01 -2.742391e-02 
2
2
8 0 2 2 0 -1
8 1 2 1 0 2
haar_y2
7.632315e-03 1 0
2
12 2 3 1 0 -1
13 3 1 1 0 3
tilted_haar_y3
1.371367e-02 -1 -2
7.265538e-01 1.091397e-02 -9.618418e-01 
2
2
6 2 1 3 0 -1
5 3 1 1 0 3
tilted_haar_y3
2.229652e-03 1 0
2
9 5 7 3 0 -1
8 6 7 1 0 3
tilted_haar_y3
1.158983e-02 -1 -2
-3.976834e-01 -7.617436e-02 3.773499e-01 
2
2
13 0 5 3 0 -1
12 1 5 1 0 3
tilted_haar_x3
1.926211e-02 1 0
3
13 20 2 2 0 -1
14 20 1 1 0 2
13 21 1 1 0 2
haar_x2_y2
3.468221e-03 -1 -2
5.898632e-01 -4.723873e-02 4.625081e-01 
2
2
3 16 2 3 0 -1
2 17 2 1 0 3
tilted_haar_y3
-1.807634e-02 0 1
3
2 19 2 2 0 -1
2 19 1 1 0 2
3 20 1 1 0 2
haar_x2_y2
3.810920e-03 -1 -2
5.068113e-01 -2.108998e-01 5.368415e-01 
2
2
8 7 2 4 0 -1
8 8 2 2 0 2
haar_y4
-4.404566e-03 0 1
3
4 2 12 10 0 -1
10 2 6 5 0 2
4 7 6 5 0 2
haar_x2_y2
-4.842845e-03 -1 -2
3.018968e-01 1.131136e-01 -8.161726e-02 
2
2
4 9 9 3 0 -1
7 9 3 3 0 3
haar_x3
5.117908e-02 1 0
2
6 8 2 3 0 -1
7 8 1 3 0 2
haar_x2
-1.867722e-03 -1 -2
4.366467e-01 1.471853e-01 -2.825108e-01 
2
2
11 16 1 3 0 -1
10 17 1 1 0 3
tilted_haar_x3
-9.560458e-03 1 0
2
9 14 3 5 0 -1
10 14 1 5 0 3
haar_x3
1.422222e-02 -1 -2
2.478539e-02 2.934792e-02 -8.898388e-01 
2
2
6 2 3 2 0 -1
7 2 1 2 0 3
haar_x3
-1.842969e-03 0 1
2
6 2 3 3 0 -1
7 2 1 3 0 3
haar_x3
3.743432e-03 -1 -2
-4.012603e-01 1.802710e-01 -4.374628e-01 
2
2
11 16 1 3 0 -1
10 17 1 1 0 3
tilted_haar_x3
1.077630e-02 1 0
2
7 15 10 6 0 -1
7 17 10 2 0 3
haar_y3
-5.840199e-04 -1 -2
-7.847601e-01 8.671077e-02 -1.259656e-01 
2
2
1 15 11 6 0 -1
1 17 11 2 0 3
haar_y3
-5.666635e-02 0 1
3
2 16 10 2 0 -1
2 16 5 1 0 2
7 17 5 1 0 2
haar_x2_y2
-1.147868e-02 -1 -2
-7.128482e-01 -5.948337e-01 1.252472e-01 
2
3
14 18 2 2 0 -1
15 18 1 1 0 2
14 19 1 1 0 2
haar_x2_y2
6.049992e-03 1 0
2
13 0 5 3 0 -1
12 1 5 1 0 3
tilted_haar_x3
-2.503865e-02 -1 -2
7.592569e-01 5.419702e-01 -1.050679e-01 
-1.971012e+00

5
-1
