6
2
2
4 1 6 7 0 -1
7 1 3 7 0 2
haar_x2
2.046289e-02 0 1
2
5 16 8 4 0 -1
5 17 8 2 0 2
haar_y4
-1.068186e-02 -1 -2
-8.377619e-01 7.235181e-01 -3.816760e-01 
2
2
15 3 3 2 0 -1
16 3 1 2 0 3
haar_x3
-4.179066e-04 0 1
2
10 0 5 3 0 -1
10 1 5 1 0 3
haar_y3
1.612191e-02 -1 -2
2.302721e-01 -2.216029e-01 6.424363e-01 
2
2
0 1 2 5 0 -1
1 1 1 5 0 2
haar_x2
-1.479713e-02 0 1
2
0 6 2 9 0 -1
1 6 1 9 0 2
haar_x2
2.428564e-02 -1 -2
7.649403e-01 -7.630699e-01 7.111259e-01 
2
2
8 3 2 12 0 -1
8 3 1 12 0 2
haar_x2
-2.491278e-02 1 0
2
6 8 6 7 0 -1
6 8 3 7 0 2
haar_x2
-7.504652e-02 -1 -2
-3.235685e-01 7.834647e-01 -2.720794e-01 
2
2
9 6 6 1 0 -1
11 8 2 1 0 3
tilted_haar_x3
-1.512908e-02 0 1
2
7 2 4 18 0 -1
9 2 2 18 0 2
haar_x2
9.202167e-02 -1 -2
6.769554e-01 -8.611314e-01 6.425552e-01 
2
2
1 8 16 12 0 -1
1 8 8 12 0 2
haar_x2
4.069587e-01 0 1
2
13 5 1 2 0 -1
13 5 1 1 0 2
tilted_haar_x2
2.306558e-05 -1 -2
-4.301243e-01 -1.506116e-01 8.768930e-02 
-2.467570e+00

3
-1
