6
2
2
1 0 17 2 0 -1
1 1 17 1 0 2
haar_y2
-3.362961e-02 0 1
2
0 7 2 12 0 -1
1 7 1 12 0 2
haar_x2
2.098139e-02 -1 -2
7.098449e-01 -6.194693e-01 5.851899e-01 
2
2
8 7 6 4 0 -1
10 7 2 4 0 3
haar_x3
8.668585e-03 0 1
2
1 2 18 15 0 -1
1 7 18 5 0 3
haar_y3
8.166790e-01 -1 -2
-6.650813e-01 -2.367247e-01 4.323294e-01 
2
2
2 4 15 1 0 -1
7 4 5 1 0 3
haar_x3
3.095292e-02 0 1
2
3 8 4 5 0 -1
5 8 2 5 0 2
haar_x2
-1.366257e-03 -1 -2
-5.615381e-01 7.224149e-01 -8.173811e-01 
2
2
13 10 3 5 0 -1
14 11 1 5 0 3
tilted_haar_y3
5.211748e-03 0 1
2
10 4 3 2 0 -1
11 5 1 2 0 3
tilted_haar_y3
1.994147e-03 -1 -2
7.290124e-04 -8.816277e-01 3.170317e-01 
2
2
6 10 5 3 0 -1
5 11 5 1 0 3
tilted_haar_y3
3.308869e-03 0 1
2
9 4 2 3 0 -1
8 5 2 1 0 3
tilted_haar_y3
-2.602128e-03 -1 -2
-5.634066e-01 7.149231e-01 -7.700990e-01 
2
2
17 0 2 19 0 -1
17 0 1 19 0 2
haar_x2
-2.707433e-02 0 1
3
17 4 2 4 0 -1
18 4 1 2 0 2
17 6 1 2 0 2
haar_x2_y2
-2.655475e-03 -1 -2
-6.551003e-01 -7.178057e-01 5.995629e-02 
-1.251399e+00

25
29
