9
2
3
1 5 2 8 0 -1
1 5 1 4 0 2
2 9 1 4 0 2
haar_x2_y2
3.613675e-03 0 1
2
9 5 8 7 0 -1
11 7 4 7 0 2
tilted_haar_x4
5.479857e-03 -1 -2
-5.299802e-01 5.780939e-01 -6.202336e-01 
2
2
9 2 2 2 0 -1
9 3 2 1 0 2
haar_y2
-6.282885e-04 1 0
2
15 16 1 4 0 -1
15 18 1 2 0 2
haar_y2
-4.950865e-03 -1 -2
-2.599005e-01 -6.850316e-01 7.486875e-02 
2
2
4 1 14 1 0 -1
4 1 7 1 0 2
tilted_haar_x2
-7.669663e-02 0 1
2
8 3 4 4 0 -1
9 4 2 4 0 2
tilted_haar_x4
2.222506e-02 -1 -2
7.088611e-01 -7.216849e-01 4.140258e-01 
2
2
4 17 10 3 0 -1
4 18 10 1 0 3
haar_y3
-1.035772e-02 1 0
3
5 6 8 10 0 -1
9 6 4 5 0 2
5 11 4 5 0 2
haar_x2_y2
-2.635795e-02 -1 -2
-5.220993e-01 -8.944805e-01 1.189568e-01 
2
2
0 3 3 2 0 -1
1 3 1 2 0 3
haar_x3
-3.706105e-03 0 1
2
0 5 2 8 0 -1
1 5 1 8 0 2
haar_x2
1.865071e-02 -1 -2
5.881389e-01 -5.780931e-01 7.532042e-01 
2
2
7 16 4 2 0 -1
7 17 4 1 0 2
haar_y2
-2.340782e-03 1 0
2
13 6 1 4 0 -1
13 7 1 2 0 2
haar_y4
4.935024e-05 -1 -2
-5.013310e-01 -5.408146e-01 2.847793e-01 
2
2
2 14 5 6 0 -1
2 17 5 3 0 2
haar_y2
8.105685e-04 1 0
2
2 12 1 6 0 -1
2 14 1 2 0 3
haar_y3
3.833555e-03 -1 -2
-6.867486e-01 4.777380e-01 -9.197946e-01 
2
2
11 2 6 11 0 -1
11 2 3 11 0 2
tilted_haar_y2
-6.440051e-02 1 0
2
0 1 18 19 0 -1
0 1 9 19 0 2
haar_x2
-4.844656e-01 -1 -2
-1.756767e-01 4.342602e-01 -2.693907e-01 
2
2
5 0 2 4 0 -1
5 2 2 2 0 2
haar_y2
-5.352760e-03 0 1
2
1 0 16 3 0 -1
1 1 16 1 0 3
haar_y3
3.311249e-02 -1 -2
3.552360e-01 -7.784946e-01 5.226794e-01 
-1.630093e+00

12
-1
