10
2
2
7 12 4 3 0 -1
7 13 4 1 0 3
haar_y3
-7.699229e-03 1 0
2
7 8 1 4 0 -1
7 10 1 2 0 2
haar_y2
1.911364e-03 -1 -2
-3.905090e-01 6.639844e-01 -8.585528e-01 
2
2
16 1 1 12 0 -1
16 5 1 4 0 3
haar_y3
1.500381e-02 0 1
2
14 14 2 4 0 -1
14 15 2 2 0 2
haar_y4
2.868957e-03 -1 -2
8.079267e-02 1.906774e-01 -7.377619e-01 
2
3
4 6 2 2 0 -1
4 6 1 1 0 2
5 7 1 1 0 2
haar_x2_y2
-2.237341e-03 0 1
2
1 1 16 18 0 -1
9 1 8 18 0 2
haar_x2
6.789793e-01 -1 -2
4.994093e-01 -5.132818e-01 6.838275e-01 
2
2
14 4 1 3 0 -1
14 5 1 1 0 3
haar_y3
-3.970023e-04 1 0
2
14 2 3 6 0 -1
14 5 3 3 0 2
haar_y2
-1.140664e-02 -1 -2
-4.512478e-01 -5.570758e-01 1.042232e-01 
2
2
7 12 4 4 0 -1
6 13 4 2 0 2
tilted_haar_y4
-7.440246e-03 0 1
2
2 16 1 3 0 -1
2 17 1 1 0 3
haar_y3
-1.526645e-03 -1 -2
-8.112668e-01 -9.288281e-01 4.785502e-01 
2
2
14 4 1 3 0 -1
14 5 1 1 0 3
haar_y3
-4.143301e-03 0 1
2
11 4 3 6 0 -1
9 6 3 2 0 3
tilted_haar_x3
3.326483e-02 -1 -2
4.904191e-01 7.539877e-02 -4.387612e-01 
2
3
0 0 18 2 0 -1
0 0 9 1 0 2
9 1 9 1 0 2
haar_x2_y2
-2.502766e-02 0 1
3
0 0 14 2 0 -1
0 0 7 1 0 2
7 1 7 1 0 2
haar_x2_y2
1.688914e-02 -1 -2
7.002721e-01 -6.554049e-01 2.021255e-01 
2
2
7 5 6 3 0 -1
9 5 2 3 0 3
haar_x3
-1.462937e-02 1 0
2
8 8 4 5 0 -1
9 8 2 5 0 2
haar_x4
8.839577e-03 -1 -2
-1.547984e-01 -1.559644e-01 2.944996e-01 
2
3
3 5 12 14 0 -1
3 5 6 7 0 2
9 12 6 7 0 2
haar_x2_y2
-7.274607e-02 0 1
2
7 15 3 2 0 -1
7 15 3 1 0 2
tilted_haar_y2
9.728786e-03 -1 -2
-8.650498e-01 4.521489e-01 -9.016429e-01 
2
2
10 6 6 7 0 -1
10 6 3 7 0 2
haar_x2
1.178671e-02 1 0
2
8 18 4 2 0 -1
9 18 2 2 0 2
haar_x4
-5.054868e-03 -1 -2
-6.217444e-01 -9.127948e-01 4.868237e-02 
-1.838813e+00

14
-1
