15
2
2
2 1 15 6 0 -1
7 1 5 6 0 3
haar_x3
1.147083e-01 0 1
2
1 3 17 8 0 -1
1 7 17 4 0 2
haar_y2
1.801426e-01 -1 -2
-6.036428e-01 -6.291922e-01 5.707850e-01 
2
2
5 0 9 3 0 -1
5 1 9 1 0 3
haar_y3
2.307701e-02 1 0
2
2 0 15 2 0 -1
2 1 15 1 0 2
haar_y2
2.181917e-02 -1 -2
4.363890e-01 -2.419148e-01 4.477019e-01 
2
2
9 4 4 1 0 -1
10 5 2 1 0 2
tilted_haar_x4
3.859611e-03 0 1
2
2 9 6 2 0 -1
5 9 3 2 0 2
haar_x2
-9.390307e-04 -1 -2
-5.995049e-01 3.394324e-01 -6.575512e-01 
2
2
3 15 13 3 0 -1
3 16 13 1 0 3
haar_y3
-1.561098e-02 0 1
2
7 15 5 3 0 -1
7 16 5 1 0 3
haar_y3
-7.496563e-03 -1 -2
4.551713e-01 3.779001e-01 -2.073172e-01 
2
2
7 15 5 3 0 -1
7 16 5 1 0 3
haar_y3
1.282371e-02 1 0
2
1 4 17 12 0 -1
1 7 17 6 0 2
haar_y4
3.712023e-01 -1 -2
6.845340e-01 -4.095645e-01 3.861272e-01 
2
2
17 1 2 16 0 -1
17 1 1 16 0 2
haar_x2
3.784083e-02 0 1
2
17 8 2 6 0 -1
17 8 1 6 0 2
haar_x2
-1.141238e-02 -1 -2
1.730348e-02 -7.267985e-01 2.332127e-02 
2
2
0 1 2 16 0 -1
1 1 1 16 0 2
haar_x2
-2.270872e-02 0 1
2
0 8 2 6 0 -1
1 8 1 6 0 2
haar_x2
7.308632e-03 -1 -2
7.083633e-01 -4.853451e-01 2.396947e-01 
2
2
13 9 3 2 0 -1
14 10 1 2 0 3
tilted_haar_y3
-6.813186e-03 0 1
2
13 9 3 1 0 -1
14 10 1 1 0 3
tilted_haar_y3
3.690136e-03 -1 -2
3.218489e-01 1.172388e-01 -7.083011e-01 
2
2
6 9 2 3 0 -1
5 10 2 1 0 3
tilted_haar_y3
-3.398351e-03 0 1
2
6 9 1 3 0 -1
5 10 1 1 0 3
tilted_haar_y3
5.947741e-03 -1 -2
-7.599655e-01 1.822187e-01 -8.990511e-01 
2
2
18 1 1 8 0 -1
18 3 1 4 0 2
haar_y4
-2.867608e-03 0 1
2
11 6 3 1 0 -1
12 7 1 1 0 3
tilted_haar_y3
-1.087003e-02 -1 -2
1.172704e-01 -1.000000e+00 -3.371654e-02 
2
2
0 1 1 8 0 -1
0 3 1 4 0 2
haar_y4
-1.148968e-02 0 1
2
8 6 1 3 0 -1
7 7 1 1 0 3
tilted_haar_y3
-5.051483e-03 -1 -2
-7.632347e-01 -8.859329e-01 1.479522e-01 
2
2
12 13 4 2 0 -1
13 14 2 2 0 2
tilted_haar_y4
5.868775e-03 1 0
2
15 14 3 3 0 -1
15 15 3 1 0 3
haar_y3
4.005492e-03 -1 -2
2.082167e-01 1.683990e-02 -5.376897e-01 
2
2
7 13 2 4 0 -1
6 14 2 2 0 2
tilted_haar_y4
-1.828212e-03 1 0
2
1 14 3 3 0 -1
1 15 3 1 0 3
haar_y3
-5.003247e-03 -1 -2
-4.774341e-01 -7.829186e-01 2.863970e-01 
2
3
12 7 2 2 0 -1
13 7 1 1 0 2
12 8 1 1 0 2
haar_x2_y2
-1.928063e-03 1 0
2
12 7 3 1 0 -1
13 7 1 1 0 3
haar_x3
1.901520e-03 -1 -2
-1.087968e-03 3.693362e-02 -6.229157e-01 
2
3
5 7 2 2 0 -1
5 7 1 1 0 2
6 8 1 1 0 2
haar_x2_y2
-5.246352e-05 1 0
2
4 7 3 1 0 -1
5 7 1 1 0 3
haar_x3
-1.554772e-03 -1 -2
-4.071438e-01 -8.169822e-01 3.703285e-01 
-1.895195e+00

26
-1
