20
2
3
0 3 4 10 0 -1
0 3 2 5 0 2
2 8 2 5 0 2
haar_x2_y2
1.396346e-02 0 1
2
1 2 1 10 0 -1
1 7 1 5 0 2
haar_y2
9.712253e-03 -1 -2
-3.924487e-01 -4.135188e-01 5.431876e-01 
2
2
5 0 9 3 0 -1
5 1 9 1 0 3
haar_y3
1.644191e-02 0 1
2
7 9 5 4 0 -1
7 10 5 2 0 2
haar_y4
8.726444e-03 -1 -2
-3.252889e-01 -2.016606e-01 3.549832e-01 
2
2
7 5 2 2 0 -1
7 5 2 1 0 2
tilted_haar_y2
-2.640864e-03 1 0
2
4 7 2 5 0 -1
5 7 1 5 0 2
haar_x2
-3.713048e-04 -1 -2
-5.270167e-01 4.249519e-01 -3.241552e-01 
2
2
6 16 8 3 0 -1
6 17 8 1 0 3
haar_y3
1.191041e-02 1 0
2
16 14 3 5 0 -1
17 14 1 5 0 3
haar_x3
2.812049e-03 -1 -2
4.923527e-01 -2.097636e-01 2.536050e-01 
2
3
0 1 6 4 0 -1
0 1 3 2 0 2
3 3 3 2 0 2
haar_x2_y2
-5.801489e-03 1 0
2
9 4 4 1 0 -1
10 5 2 1 0 2
tilted_haar_x4
4.299106e-03 -1 -2
-4.071473e-01 -4.330575e-01 3.739845e-01 
2
2
17 9 2 4 0 -1
17 11 2 2 0 2
haar_y2
-5.736406e-05 0 1
2
11 5 3 10 0 -1
12 5 1 10 0 3
haar_x3
-1.734301e-03 -1 -2
1.363222e-01 1.065515e-01 -3.408680e-01 
2
2
0 9 2 4 0 -1
0 11 2 2 0 2
haar_y2
-1.322992e-02 0 1
2
6 1 2 3 0 -1
7 1 1 3 0 2
haar_x2
1.229264e-03 -1 -2
-7.988554e-01 -4.173051e-01 1.978727e-01 
2
2
13 3 4 4 0 -1
12 4 4 2 0 2
tilted_haar_x4
2.170072e-02 1 0
2
15 4 1 2 0 -1
15 5 1 1 0 2
haar_y2
2.866111e-03 -1 -2
2.474288e-01 -1.227634e-01 4.213141e-01 
2
2
6 13 3 3 0 -1
5 14 3 1 0 3
tilted_haar_y3
-9.675404e-03 0 1
2
0 16 3 2 0 -1
1 16 1 2 0 3
haar_x3
3.105348e-03 -1 -2
3.023851e-01 -4.021499e-01 3.756337e-01 
2
2
11 2 3 16 0 -1
12 2 1 16 0 3
haar_x3
7.855278e-03 0 1
2
10 13 3 6 0 -1
11 13 1 6 0 3
haar_x3
-6.147848e-03 -1 -2
3.768503e-02 -8.056546e-01 7.710958e-02 
2
2
5 2 3 16 0 -1
6 2 1 16 0 3
haar_x3
-1.916312e-02 0 1
2
0 16 2 3 0 -1
1 16 1 3 0 2
haar_x2
-5.884594e-03 -1 -2
-7.930645e-01 5.993593e-01 -7.538587e-02 
2
2
10 13 3 6 0 -1
11 13 1 6 0 3
haar_x3
1.023206e-02 0 1
3
6 0 8 2 0 -1
10 0 4 1 0 2
6 1 4 1 0 2
haar_x2_y2
-1.318099e-02 -1 -2
5.327341e-02 6.061550e-01 -1.130856e-01 
2
2
6 13 3 6 0 -1
7 13 1 6 0 3
haar_x3
-9.730984e-03 0 1
2
2 4 3 2 0 -1
2 5 3 1 0 2
haar_y2
-2.566101e-03 -1 -2
-8.001794e-01 6.228348e-01 -8.678515e-02 
2
2
10 5 3 1 0 -1
11 6 1 1 0 3
tilted_haar_y3
2.916474e-03 0 1
3
1 10 18 6 0 -1
10 10 9 3 0 2
1 13 9 3 0 2
haar_x2_y2
-4.518843e-02 -1 -2
-2.896539e-01 -6.546050e-01 8.913838e-02 
2
2
9 5 1 3 0 -1
8 6 1 1 0 3
tilted_haar_y3
-7.764037e-03 0 1
2
2 3 15 3 0 -1
7 3 5 3 0 3
haar_x3
2.778175e-02 -1 -2
-6.397564e-01 -3.507718e-01 3.239229e-01 
2
2
16 12 1 2 0 -1
16 13 1 1 0 2
haar_y2
-2.639895e-05 1 0
2
17 11 2 6 0 -1
17 13 2 2 0 3
haar_y3
5.779470e-03 -1 -2
-4.594246e-01 1.101811e-01 -5.317457e-01 
2
2
8 1 10 3 0 -1
7 2 10 1 0 3
tilted_haar_y3
-3.555302e-03 0 1
2
1 12 15 2 0 -1
6 12 5 2 0 3
haar_x3
-3.062742e-02 -1 -2
3.725071e-01 2.112949e-01 -4.539796e-01 
2
2
8 9 3 6 0 -1
8 11 3 2 0 3
haar_y3
2.095850e-02 1 0
2
12 10 3 4 0 -1
13 11 1 4 0 3
tilted_haar_y3
-8.237444e-03 -1 -2
6.326042e-01 2.178526e-01 -1.429140e-01 
2
2
6 6 8 2 0 -1
8 8 4 2 0 2
tilted_haar_x4
-2.537828e-02 0 1
2
6 3 6 9 0 -1
8 3 2 9 0 3
haar_x3
5.338778e-02 -1 -2
4.403434e-01 -4.416048e-01 2.543011e-01 
2
2
17 11 1 2 0 -1
17 12 1 1 0 2
haar_y2
-5.667759e-05 1 0
3
1 9 18 6 0 -1
10 9 9 3 0 2
1 12 9 3 0 2
haar_x2_y2
-5.805031e-02 -1 -2
-4.009564e-01 -6.714863e-01 7.929794e-02 
-1.830246e+00

51
-1
