8
2
2
4 0 11 3 0 -1
4 1 11 1 0 3
haar_y3
3.187977e-02 1 0
2
0 0 18 2 0 -1
0 1 18 1 0 2
haar_y2
-3.480387e-02 -1 -2
7.876208e-01 4.883225e-01 -7.064780e-01 
2
2
2 1 15 6 0 -1
7 1 5 6 0 3
haar_x3
1.191735e-01 0 1
2
9 4 2 7 0 -1
9 4 1 7 0 2
haar_x2
-1.040002e-02 -1 -2
-6.664379e-01 4.720204e-01 -1.221125e-01 
2
2
9 4 4 1 0 -1
10 5 2 1 0 2
tilted_haar_x4
4.017458e-03 0 1
2
7 5 5 3 0 -1
7 6 5 1 0 3
haar_y3
6.458219e-03 -1 -2
-5.421737e-01 7.083536e-01 -9.076560e-01 
2
2
10 9 3 1 0 -1
11 9 1 1 0 3
haar_x3
-3.001268e-03 1 0
2
10 8 1 4 0 -1
9 9 1 2 0 2
tilted_haar_x4
6.746442e-03 -1 -2
1.209469e-01 1.221657e-01 -6.084118e-01 
2
3
1 17 6 2 0 -1
1 17 3 1 0 2
4 18 3 1 0 2
haar_x2_y2
1.395033e-03 0 1
2
9 8 1 2 0 -1
9 9 1 1 0 2
haar_y2
-7.126526e-04 -1 -2
-5.304636e-01 -7.150099e-01 6.128263e-01 
2
2
10 9 3 1 0 -1
11 9 1 1 0 3
haar_x3
-2.766204e-03 1 0
2
13 10 4 1 0 -1
14 10 2 1 0 2
haar_x4
-4.978908e-05 -1 -2
7.835887e-02 1.673376e-01 -1.183464e-01 
2
2
6 9 3 1 0 -1
7 9 1 1 0 3
haar_x3
-5.376615e-05 1 0
2
2 10 4 1 0 -1
3 10 2 1 0 2
haar_x4
2.519043e-05 -1 -2
-7.933196e-01 -5.442637e-01 5.236028e-01 
2
2
0 5 19 2 0 -1
0 6 19 1 0 2
haar_y2
2.033087e-02 0 1
2
9 6 2 3 0 -1
9 7 2 1 0 3
haar_y3
3.180189e-03 -1 -2
-6.462367e-01 8.730358e-02 -7.977441e-01 
-2.158882e+00

6
-1
