47
2
2
3 0 12 1 0 -1
6 0 6 1 0 2
haar_x4
-1.793212e-02 0 1
3
0 0 10 2 0 -1
0 0 5 1 0 2
5 1 5 1 0 2
haar_x2_y2
-1.471274e-02 -1 -2
5.918937e-01 3.952817e-01 -4.010279e-01 
2
2
15 14 3 5 0 -1
16 15 1 5 0 3
tilted_haar_y3
-1.259279e-03 0 1
2
16 7 2 1 0 -1
16 7 1 1 0 2
haar_x2
-3.171663e-03 -1 -2
9.522996e-02 5.469622e-01 -6.050424e-02 
2
2
3 14 5 3 0 -1
2 15 5 1 0 3
tilted_haar_y3
-1.706966e-02 0 1
2
0 7 2 1 0 -1
1 7 1 1 0 2
haar_x2
-5.014774e-03 -1 -2
3.828021e-01 5.413486e-01 -3.414813e-01 
2
2
15 0 3 3 0 -1
14 1 3 1 0 3
tilted_haar_x3
-9.999770e-03 0 1
2
9 13 1 6 0 -1
9 13 1 3 0 2
tilted_haar_x2
6.109277e-03 -1 -2
3.833573e-01 -1.596204e-01 7.198274e-02 
2
2
3 0 3 3 0 -1
4 1 1 3 0 3
tilted_haar_x3
-2.072507e-02 0 1
2
4 5 12 4 0 -1
7 8 6 4 0 2
tilted_haar_x4
9.770680e-02 -1 -2
3.826750e-01 -4.705977e-01 -1.781719e-02 
2
2
13 19 3 3 0 -1
14 20 1 1 0 9
haar_point
-9.561352e-03 0 1
3
10 20 6 2 0 -1
13 20 3 1 0 2
10 21 3 1 0 2
haar_x2_y2
-4.251973e-03 -1 -2
3.552684e-01 3.560657e-01 -1.304456e-01 
2
2
7 2 2 2 0 -1
8 2 1 2 0 2
haar_x2
-2.577166e-03 0 1
2
6 8 6 2 0 -1
8 8 2 2 0 3
haar_x3
-8.564975e-03 -1 -2
-7.574492e-01 3.587967e-01 -1.202015e-01 
2
2
6 5 6 7 0 -1
8 5 2 7 0 3
haar_x3
2.725117e-02 1 0
2
12 7 6 6 0 -1
12 7 3 6 0 2
tilted_haar_y2
2.767600e-05 -1 -2
3.527468e-01 -2.405901e-01 9.425835e-02 
2
2
6 4 12 6 0 -1
6 4 12 3 0 2
tilted_haar_y2
-6.976250e-02 0 1
2
4 7 10 12 0 -1
4 10 10 6 0 2
haar_y4
5.555737e-02 -1 -2
-7.917520e-01 -2.794150e-01 1.367088e-01 
2
3
14 19 2 2 0 -1
15 19 1 1 0 2
14 20 1 1 0 2
haar_x2_y2
2.767665e-03 0 1
3
16 14 2 4 0 -1
17 14 1 2 0 2
16 16 1 2 0 2
haar_x2_y2
2.131213e-03 -1 -2
-6.443451e-02 -8.322562e-02 2.204133e-01 
2
3
2 19 2 2 0 -1
2 19 1 1 0 2
3 20 1 1 0 2
haar_x2_y2
-1.707085e-03 0 1
3
0 14 2 4 0 -1
0 14 1 2 0 2
1 16 1 2 0 2
haar_x2_y2
5.790749e-03 -1 -2
4.536721e-01 -1.292024e-01 5.068733e-01 
2
2
10 18 1 3 0 -1
9 19 1 1 0 3
tilted_haar_x3
9.397343e-03 1 0
2
9 5 6 4 0 -1
11 7 2 4 0 3
tilted_haar_y3
-3.198772e-02 -1 -2
-4.898742e-01 2.421912e-01 -4.756331e-02 
2
2
9 5 4 6 0 -1
7 7 4 2 0 3
tilted_haar_y3
-3.688850e-02 0 1
2
6 6 4 9 0 -1
6 9 4 3 0 3
haar_y3
1.887802e-02 -1 -2
4.706321e-01 -2.614799e-01 1.359469e-01 
2
2
11 3 2 2 0 -1
11 3 1 2 0 2
haar_x2
6.199162e-03 0 1
3
2 6 16 12 0 -1
10 6 8 6 0 2
2 12 8 6 0 2
haar_x2_y2
1.790560e-01 -1 -2
2.860387e-02 3.860071e-02 -7.436630e-01 
2
2
0 10 2 2 0 -1
0 11 2 1 0 2
haar_y2
7.349079e-04 1 0
2
3 10 6 10 0 -1
3 15 6 5 0 2
haar_y2
-9.555674e-02 -1 -2
-3.223996e-01 -6.457034e-01 1.493071e-01 
2
2
11 3 2 2 0 -1
11 3 1 2 0 2
haar_x2
6.193198e-03 0 1
3
2 7 14 12 0 -1
9 7 7 6 0 2
2 13 7 6 0 2
haar_x2_y2
1.132332e-01 -1 -2
1.765401e-02 5.168755e-02 -5.592039e-01 
2
2
5 3 2 2 0 -1
6 3 1 2 0 2
haar_x2
-1.886308e-03 0 1
3
2 7 14 12 0 -1
2 7 7 6 0 2
9 13 7 6 0 2
haar_x2_y2
-1.132332e-01 -1 -2
-5.806779e-01 -5.453835e-01 9.923653e-02 
2
2
11 3 3 1 0 -1
12 4 1 1 0 3
tilted_haar_y3
-1.255458e-02 0 1
2
11 16 1 4 0 -1
10 17 1 2 0 2
tilted_haar_x4
-1.130660e-02 -1 -2
-7.633293e-01 -5.850527e-01 3.721203e-03 
2
2
9 16 4 1 0 -1
9 16 2 1 0 2
tilted_haar_x2
1.325471e-02 1 0
2
8 16 4 2 0 -1
8 16 2 2 0 2
tilted_haar_x2
2.807320e-03 -1 -2
-7.940632e-01 -1.565194e-01 2.469852e-01 
2
2
9 13 3 9 0 -1
10 13 1 9 0 3
haar_x3
1.485005e-02 1 0
2
14 9 3 2 0 -1
14 10 3 1 0 2
haar_y2
-3.171513e-03 -1 -2
-6.516079e-01 2.477544e-01 -7.447927e-02 
2
2
4 14 3 2 0 -1
5 15 1 2 0 3
tilted_haar_x3
-1.195251e-02 0 1
3
2 1 4 2 0 -1
2 1 2 1 0 2
4 2 2 1 0 2
haar_x2_y2
-5.439918e-03 -1 -2
-6.841176e-01 5.515556e-01 6.554289e-03 
2
2
11 1 6 1 0 -1
11 1 3 1 0 2
tilted_haar_y2
-1.124742e-02 0 1
2
16 8 1 4 0 -1
16 9 1 2 0 2
haar_y4
-1.140251e-03 -1 -2
1.446557e-01 1.414972e-01 -5.627977e-02 
2
2
7 1 1 6 0 -1
7 1 1 3 0 2
tilted_haar_y2
-4.033426e-03 0 1
2
1 8 1 4 0 -1
1 9 1 2 0 2
haar_y4
1.586383e-03 -1 -2
-3.455591e-01 1.517214e-01 -4.201637e-01 
2
3
13 0 2 2 0 -1
14 0 1 1 0 2
13 1 1 1 0 2
haar_x2_y2
3.417253e-03 0 1
3
16 3 2 2 0 -1
17 3 1 1 0 2
16 4 1 1 0 2
haar_x2_y2
2.768546e-03 -1 -2
-5.126554e-02 -7.881937e-02 5.355232e-01 
2
3
3 0 2 2 0 -1
3 0 1 1 0 2
4 1 1 1 0 2
haar_x2_y2
-4.909813e-03 0 1
2
6 2 2 2 0 -1
6 2 2 1 0 2
tilted_haar_y2
2.437082e-03 -1 -2
6.733724e-01 9.560505e-02 -3.097466e-01 
2
2
14 19 3 3 0 -1
15 20 1 1 0 9
haar_point
1.334932e-02 0 1
2
12 0 2 6 0 -1
10 2 2 2 0 3
tilted_haar_x3
5.319627e-02 -1 -2
-5.320026e-02 -1.512973e-02 3.193523e-01 
2
2
1 19 3 3 0 -1
2 20 1 1 0 9
haar_point
-8.735279e-03 0 1
2
6 0 6 2 0 -1
8 2 2 2 0 3
tilted_haar_x3
3.410704e-02 -1 -2
3.719095e-01 -1.363219e-01 3.703549e-01 
2
2
9 17 1 3 0 -1
8 18 1 1 0 3
tilted_haar_x3
-1.664850e-03 0 1
2
3 0 15 2 0 -1
3 1 15 1 0 2
haar_y2
-1.473852e-02 -1 -2
1.207548e-01 2.122765e-01 -9.470062e-02 
2
2
9 17 3 1 0 -1
10 18 1 1 0 3
tilted_haar_x3
-5.441238e-03 0 1
2
1 8 2 6 0 -1
1 10 2 2 0 3
haar_y3
-4.240128e-03 -1 -2
-5.922011e-01 -3.066459e-01 1.128290e-01 
2
2
9 4 3 3 0 -1
8 5 3 1 0 3
tilted_haar_x3
-9.492155e-04 1 0
2
8 6 4 2 0 -1
9 6 2 2 0 2
haar_x4
3.679553e-03 -1 -2
-7.261979e-02 -6.193378e-02 1.988987e-01 
2
2
9 4 3 3 0 -1
10 5 1 3 0 3
tilted_haar_x3
1.730817e-02 1 0
2
6 6 4 5 0 -1
7 6 2 5 0 2
haar_x4
-3.777524e-03 -1 -2
5.131817e-01 2.117202e-01 -1.645406e-01 
2
2
9 6 3 8 0 -1
10 7 1 8 0 3
tilted_haar_y3
5.685678e-02 1 0
2
9 8 2 3 0 -1
9 8 1 3 0 2
tilted_haar_y2
1.306205e-02 -1 -2
-7.323006e-01 2.232276e-02 -6.661218e-01 
2
2
9 6 8 3 0 -1
8 7 8 1 0 3
tilted_haar_y3
1.344308e-02 1 0
2
9 8 3 2 0 -1
9 8 3 1 0 2
tilted_haar_y2
-7.568568e-03 -1 -2
2.573953e-01 1.898437e-01 -2.935350e-01 
2
3
16 3 2 2 0 -1
17 3 1 1 0 2
16 4 1 1 0 2
haar_x2_y2
3.799590e-03 1 0
2
9 13 3 9 0 -1
10 13 1 9 0 3
haar_x3
-1.587832e-02 -1 -2
6.014584e-01 -6.973071e-01 2.799733e-02 
2
3
0 3 2 2 0 -1
0 3 1 1 0 2
1 4 1 1 0 2
haar_x2_y2
3.262768e-03 1 0
3
3 20 4 2 0 -1
3 20 2 1 0 2
5 21 2 1 0 2
haar_x2_y2
8.416437e-03 -1 -2
4.796205e-01 -1.583886e-01 5.312794e-01 
2
2
11 11 7 2 0 -1
11 12 7 1 0 2
haar_y2
1.738825e-02 0 1
2
7 2 4 2 0 -1
8 2 2 2 0 2
haar_x4
4.294782e-03 -1 -2
2.631715e-02 7.492368e-02 -4.518527e-01 
2
2
0 11 7 2 0 -1
0 12 7 1 0 2
haar_y2
-1.206767e-02 0 1
2
6 16 4 1 0 -1
6 16 2 1 0 2
tilted_haar_x2
1.190116e-02 -1 -2
-8.139507e-01 6.802998e-02 -6.243865e-01 
2
3
14 17 2 4 0 -1
15 17 1 2 0 2
14 19 1 2 0 2
haar_x2_y2
5.838562e-03 0 1
2
9 1 2 1 0 -1
9 1 1 1 0 2
haar_x2
1.297298e-03 -1 -2
-4.663669e-02 2.471846e-02 -3.201701e-01 
2
3
2 17 2 4 0 -1
2 17 1 2 0 2
3 19 1 2 0 2
haar_x2_y2
-5.177007e-03 0 1
2
7 1 2 1 0 -1
8 1 1 1 0 2
haar_x2
-1.383101e-03 -1 -2
4.589193e-01 -5.407364e-01 2.612453e-02 
2
2
9 15 3 6 0 -1
10 15 1 6 0 3
haar_x3
-1.190416e-02 1 0
2
7 11 5 6 0 -1
7 14 5 3 0 2
haar_y2
-5.591108e-02 -1 -2
1.878482e-02 -6.660320e-01 3.212458e-02 
2
2
6 15 3 6 0 -1
7 15 1 6 0 3
haar_x3
1.453424e-02 1 0
2
6 11 5 6 0 -1
6 14 5 3 0 2
haar_y2
-5.857356e-02 -1 -2
-8.388539e-01 -8.194787e-01 4.555651e-02 
2
2
8 2 3 2 0 -1
9 2 1 2 0 3
haar_x3
-2.765219e-03 1 0
2
10 3 4 3 0 -1
9 4 4 1 0 3
tilted_haar_x3
-4.428648e-03 -1 -2
4.274447e-02 8.001216e-02 -6.299224e-02 
2
2
8 3 1 2 0 -1
8 4 1 1 0 2
haar_y2
-1.268254e-03 0 1
3
8 7 2 2 0 -1
8 7 1 1 0 2
9 8 1 1 0 2
haar_x2_y2
-1.368662e-03 -1 -2
-5.155140e-01 3.640263e-01 -7.689073e-02 
2
2
13 0 2 1 0 -1
13 0 1 1 0 2
haar_x2
4.163997e-04 1 0
2
3 2 12 18 0 -1
3 8 12 6 0 3
haar_y3
-1.256765e-01 -1 -2
-1.409828e-01 -8.375403e-01 3.114464e-02 
2
3
6 0 6 2 0 -1
6 0 3 1 0 2
9 1 3 1 0 2
haar_x2_y2
-5.262433e-03 0 1
3
3 0 2 2 0 -1
3 0 1 1 0 2
4 1 1 1 0 2
haar_x2_y2
3.644212e-03 -1 -2
3.347207e-01 -1.034681e-01 5.512109e-01 
2
2
9 9 7 4 0 -1
9 9 7 2 0 2
tilted_haar_x2
7.779986e-02 0 1
2
10 11 3 6 0 -1
10 14 3 3 0 2
haar_y2
-1.505559e-03 -1 -2
3.454778e-02 7.442043e-02 -1.531528e-01 
2
2
9 9 4 7 0 -1
9 9 2 7 0 2
tilted_haar_x2
-6.748152e-02 0 1
2
5 11 3 6 0 -1
5 14 3 3 0 2
haar_y2
-1.129241e-02 -1 -2
4.690476e-01 1.591415e-01 -2.282284e-01 
-1.843591e+00

7
-1
