9
2
2
5 0 9 3 0 -1
5 1 9 1 0 3
haar_y3
2.035174e-02 1 0
2
0 1 2 18 0 -1
1 1 1 18 0 2
haar_x2
-3.646310e-02 -1 -2
6.149479e-01 9.377351e-01 -6.639534e-01 
2
2
9 4 2 2 0 -1
9 4 1 2 0 2
haar_x2
-2.572378e-05 0 1
2
15 8 3 3 0 -1
16 8 1 3 0 3
haar_x3
2.260569e-05 -1 -2
1.477667e-01 -4.480250e-01 1.665710e-01 
2
2
9 9 1 3 0 -1
9 10 1 1 0 3
haar_y3
5.078900e-05 0 1
2
6 9 3 1 0 -1
7 9 1 1 0 3
haar_x3
-2.521493e-05 -1 -2
-8.786239e-01 4.137219e-01 -7.951438e-01 
2
2
8 1 6 7 0 -1
8 1 3 7 0 2
haar_x2
2.827764e-02 0 1
3
13 15 6 4 0 -1
16 15 3 2 0 2
13 17 3 2 0 2
haar_x2_y2
5.233249e-03 -1 -2
-4.569722e-01 -4.147747e-01 3.781410e-01 
2
2
8 4 2 2 0 -1
9 4 1 2 0 2
haar_x2
2.706721e-03 0 1
2
5 5 9 2 0 -1
5 6 9 1 0 2
haar_y2
5.671099e-03 -1 -2
-8.347462e-01 -9.601439e-01 5.275545e-01 
2
3
12 17 6 2 0 -1
15 17 3 1 0 2
12 18 3 1 0 2
haar_x2_y2
5.457940e-04 1 0
3
12 15 6 4 0 -1
15 15 3 2 0 2
12 17 3 2 0 2
haar_x2_y2
-4.716471e-03 -1 -2
1.404309e-01 3.323480e-01 -3.607550e-01 
2
3
1 17 6 2 0 -1
1 17 3 1 0 2
4 18 3 1 0 2
haar_x2_y2
3.405774e-03 1 0
2
8 0 11 2 0 -1
8 0 11 1 0 2
tilted_haar_y2
2.972674e-02 -1 -2
4.104440e-01 -6.564147e-01 5.511757e-01 
2
2
14 7 5 4 0 -1
14 8 5 2 0 2
haar_y4
7.000178e-03 0 1
2
16 4 2 5 0 -1
16 4 1 5 0 2
tilted_haar_y2
-1.350345e-04 -1 -2
-8.430364e-01 4.609134e-02 -8.715782e-01 
2
2
0 6 3 6 0 -1
0 8 3 2 0 3
haar_y3
5.184459e-03 0 1
2
6 3 5 3 0 -1
5 4 5 1 0 3
tilted_haar_y3
-2.595939e-05 -1 -2
-9.034144e-01 5.619008e-01 -7.902879e-01 
-1.878004e+00

28
-1
