5
2
2
0 4 18 14 0 -1
9 4 9 14 0 2
haar_x2
4.097567e-01 0 1
2
2 5 12 1 0 -1
5 5 6 1 0 2
haar_x4
6.559964e-03 -1 -2
-9.964041e-01 -6.972620e-01 7.490041e-01 
2
2
7 4 6 4 0 -1
9 4 2 4 0 3
haar_x3
3.921035e-02 1 0
2
5 19 12 1 0 -1
5 19 6 1 0 2
haar_x2
-1.120178e-02 -1 -2
1.602490e-01 1.274955e-01 -6.761855e-01 
2
2
0 1 3 19 0 -1
1 1 1 19 0 3
haar_x3
-4.527798e-02 1 0
2
1 11 16 9 0 -1
9 11 8 9 0 2
haar_x2
2.842451e-01 -1 -2
-6.897834e-01 -7.746966e-01 7.600937e-01 
2
2
7 4 6 4 0 -1
9 4 2 4 0 3
haar_x3
3.719660e-02 1 0
2
7 1 6 2 0 -1
9 1 2 2 0 3
haar_x3
2.090631e-02 -1 -2
1.740391e-01 1.486595e-01 -6.711643e-01 
2
3
0 0 14 2 0 -1
0 0 7 1 0 2
7 1 7 1 0 2
haar_x2_y2
1.566533e-02 0 1
2
0 10 18 3 0 -1
9 10 9 3 0 2
haar_x2
9.276861e-02 -1 -2
-6.751113e-01 -9.629940e-01 7.179982e-01 
-1.727869e+00

24
28
