4
2
3
0 10 2 10 0 -1
0 10 1 5 0 2
1 15 1 5 0 2
haar_x2_y2
1.487472e-02 1 0
2
16 7 2 10 0 -1
17 7 1 10 0 2
haar_x2
1.644739e-02 -1 -2
7.212604e-01 -7.545689e-01 5.054911e-01 
2
3
3 18 12 2 0 -1
3 18 6 1 0 2
9 19 6 1 0 2
haar_x2_y2
-2.250177e-03 1 0
2
12 9 6 5 0 -1
12 9 3 5 0 2
tilted_haar_x2
1.518357e-02 -1 -2
-7.536198e-01 -7.524783e-01 7.093564e-01 
2
2
1 0 3 4 0 -1
1 2 3 2 0 2
haar_y2
-1.498415e-02 1 0
2
10 0 8 1 0 -1
14 0 4 1 0 2
haar_x2
1.074506e-02 -1 -2
-7.029787e-01 -5.301893e-01 8.099020e-01 
2
2
9 7 7 4 0 -1
9 9 7 2 0 2
haar_y2
9.381288e-03 0 1
2
0 1 9 1 0 -1
3 1 3 1 0 3
haar_x3
-1.315672e-03 -1 -2
-8.067358e-01 6.647578e-01 -6.506847e-01 
-1.546409e+00

2
-1
