3
2
3
0 0 2 8 0 -1
0 0 1 4 0 2
1 4 1 4 0 2
haar_x2_y2
-2.005184e-02 0 1
2
0 1 6 18 0 -1
2 1 2 18 0 3
haar_x3
-1.032950e-01 -1 -2
8.664652e-01 5.912759e-01 -8.332598e-01 
2
2
8 16 7 4 0 -1
8 18 7 2 0 2
haar_y2
-3.244223e-03 1 0
2
1 0 1 20 0 -1
1 5 1 10 0 2
haar_y4
-1.369170e-02 -1 -2
-8.495515e-01 7.037243e-01 -6.288963e-01 
2
2
1 0 16 1 0 -1
5 0 8 1 0 2
haar_x4
-3.688163e-02 0 1
2
4 3 8 3 0 -1
4 3 4 3 0 2
tilted_haar_x2
-9.792022e-02 -1 -2
6.637338e-01 3.979734e-01 -8.904663e-01 
-1.064183e+00

1
-1
