14
2
2
9 4 4 1 0 -1
10 5 2 1 0 2
tilted_haar_x4
4.853716e-03 0 1
2
1 2 17 6 0 -1
1 4 17 2 0 3
haar_y3
-9.905703e-02 -1 -2
-5.743558e-01 5.847343e-01 -2.523175e-01 
2
3
12 8 2 2 0 -1
13 8 1 1 0 2
12 9 1 1 0 2
haar_x2_y2
-1.806190e-03 1 0
3
11 7 2 2 0 -1
12 7 1 1 0 2
11 8 1 1 0 2
haar_x2_y2
-1.998021e-03 -1 -2
3.495602e-02 -9.253997e-01 4.842753e-02 
2
3
5 8 2 2 0 -1
5 8 1 1 0 2
6 9 1 1 0 2
haar_x2_y2
-5.453757e-05 1 0
3
6 7 2 2 0 -1
6 7 1 1 0 2
7 8 1 1 0 2
haar_x2_y2
-5.233776e-05 -1 -2
-4.568072e-01 4.735636e-01 -4.107216e-01 
2
3
4 0 14 2 0 -1
11 0 7 1 0 2
4 1 7 1 0 2
haar_x2_y2
-2.210775e-02 1 0
3
3 0 14 2 0 -1
10 0 7 1 0 2
3 1 7 1 0 2
haar_x2_y2
-2.239044e-02 -1 -2
-1.035935e-01 6.218631e-01 -1.247432e-01 
2
2
1 8 3 4 0 -1
2 8 1 4 0 3
haar_x3
3.249069e-04 0 1
2
5 9 6 3 0 -1
4 10 6 1 0 3
tilted_haar_y3
-1.114069e-03 -1 -2
-4.857926e-01 -3.612925e-01 4.060504e-01 
2
2
11 0 5 3 0 -1
11 1 5 1 0 3
haar_y3
1.588224e-02 1 0
2
1 0 17 2 0 -1
1 1 17 1 0 2
haar_y2
-4.870967e-02 -1 -2
3.719259e-01 7.019023e-01 -1.160855e-01 
2
3
2 0 14 2 0 -1
2 0 7 1 0 2
9 1 7 1 0 2
haar_x2_y2
-1.660383e-02 0 1
2
0 0 3 6 0 -1
1 0 1 6 0 3
haar_x3
-8.981511e-03 -1 -2
4.808815e-01 2.624769e-01 -4.874923e-01 
2
2
9 2 2 1 0 -1
9 2 1 1 0 2
haar_x2
1.546787e-03 0 1
2
17 6 2 6 0 -1
17 8 2 2 0 3
haar_y3
2.665310e-03 -1 -2
6.427970e-02 -5.372338e-01 1.143368e-01 
2
2
8 2 2 1 0 -1
9 2 1 1 0 2
haar_x2
2.346256e-05 0 1
2
0 6 2 6 0 -1
0 8 2 2 0 3
haar_y3
1.908260e-02 -1 -2
-6.639538e-01 2.444985e-01 -7.228696e-01 
2
3
11 17 8 2 0 -1
15 17 4 1 0 2
11 18 4 1 0 2
haar_x2_y2
1.418580e-03 0 1
2
16 7 3 3 0 -1
17 7 1 3 0 3
haar_x3
-2.467487e-03 -1 -2
-3.343685e-01 -7.022908e-01 7.341555e-02 
2
2
6 17 1 2 0 -1
6 18 1 1 0 2
haar_y2
8.400967e-05 0 1
2
0 7 3 3 0 -1
1 7 1 3 0 3
haar_x3
3.376968e-03 -1 -2
-3.740183e-01 6.583171e-02 6.986895e-01 
2
2
7 16 5 3 0 -1
7 17 5 1 0 3
haar_y3
8.226192e-03 1 0
2
7 15 5 3 0 -1
7 16 5 1 0 3
haar_y3
1.447964e-02 -1 -2
5.403714e-01 -5.644245e-02 6.758374e-01 
2
2
5 6 3 1 0 -1
6 6 1 1 0 3
haar_x3
-1.641699e-03 0 1
2
2 6 1 2 0 -1
2 7 1 1 0 2
haar_y2
6.034473e-04 -1 -2
-8.306239e-01 -5.798379e-01 1.440777e-01 
2
2
9 5 6 14 0 -1
9 12 6 7 0 2
haar_y2
-1.406297e-02 1 0
2
17 11 1 4 0 -1
17 12 1 2 0 2
haar_y4
1.096557e-03 -1 -2
-4.245012e-01 5.187047e-02 -3.744057e-01 
-1.709851e+00

31
-1
