17
2
2
8 9 3 4 0 -1
8 10 3 2 0 2
haar_y4
4.324538e-03 1 0
2
8 10 3 4 0 -1
8 11 3 2 0 2
haar_y4
-1.104784e-02 -1 -2
4.255723e-01 3.532238e-01 -5.744035e-01 
2
2
3 0 13 3 0 -1
3 1 13 1 0 3
haar_y3
5.204386e-02 1 0
2
1 0 17 8 0 -1
1 2 17 4 0 2
haar_y4
-1.894479e-01 -1 -2
5.079057e-01 3.339289e-01 -1.965541e-01 
2
2
4 1 6 5 0 -1
7 1 3 5 0 2
haar_x2
2.314602e-02 0 1
2
1 9 3 1 0 -1
2 9 1 1 0 3
haar_x3
2.538291e-05 -1 -2
-6.759195e-01 -4.501722e-01 2.918317e-01 
2
2
9 1 2 7 0 -1
9 1 1 7 0 2
haar_x2
-6.813570e-03 0 1
3
1 2 18 16 0 -1
10 2 9 8 0 2
1 10 9 8 0 2
haar_x2_y2
1.423655e-01 -1 -2
2.296882e-01 8.182050e-02 -8.632429e-01 
2
2
5 13 1 4 0 -1
5 15 1 2 0 2
haar_y2
-1.063011e-03 1 0
2
5 8 5 3 0 -1
5 9 5 1 0 3
haar_y3
5.588622e-05 -1 -2
-5.211855e-01 -5.863695e-01 2.762386e-01 
2
2
10 4 1 4 0 -1
9 5 1 2 0 2
tilted_haar_x4
-3.630276e-03 1 0
2
8 5 4 6 0 -1
9 5 2 6 0 2
haar_x4
1.536461e-02 -1 -2
-3.921942e-01 -4.641523e-01 1.977247e-01 
2
2
4 5 6 2 0 -1
4 6 6 1 0 2
haar_y2
4.486362e-03 0 1
2
7 6 1 3 0 -1
7 7 1 1 0 3
haar_y3
1.894638e-03 -1 -2
-3.992447e-01 3.588299e-01 -5.882446e-01 
2
3
11 17 6 2 0 -1
14 17 3 1 0 2
11 18 3 1 0 2
haar_x2_y2
-2.429480e-03 1 0
2
8 13 3 4 0 -1
8 15 3 2 0 2
haar_y2
4.138477e-03 -1 -2
-7.464745e-02 -1.931533e-01 3.327672e-01 
2
3
2 17 6 2 0 -1
2 17 3 1 0 2
5 18 3 1 0 2
haar_x2_y2
2.076230e-03 0 1
2
1 15 2 3 0 -1
1 16 2 1 0 3
haar_y3
-2.349383e-03 -1 -2
-2.878599e-01 -6.979913e-01 4.129126e-01 
2
2
16 6 3 12 0 -1
17 6 1 12 0 3
haar_x3
2.176803e-03 1 0
2
17 12 2 7 0 -1
17 12 1 7 0 2
haar_x2
2.965445e-03 -1 -2
2.565182e-01 -1.295581e-01 1.956429e-01 
2
3
4 0 10 2 0 -1
4 0 5 1 0 2
9 1 5 1 0 2
haar_x2_y2
1.469462e-02 1 0
3
1 0 16 2 0 -1
1 0 8 1 0 2
9 1 8 1 0 2
haar_x2_y2
-1.364218e-02 -1 -2
4.439456e-01 2.761720e-01 -4.454534e-01 
2
2
17 7 1 2 0 -1
17 7 1 1 0 2
tilted_haar_x2
-9.883554e-03 0 1
2
12 5 3 1 0 -1
13 6 1 1 0 3
tilted_haar_y3
6.370266e-04 -1 -2
-9.223644e-01 1.671748e-01 -6.181683e-01 
2
2
2 7 2 1 0 -1
2 7 1 1 0 2
tilted_haar_x2
-6.664146e-03 0 1
2
2 9 3 1 0 -1
3 9 1 1 0 3
haar_x3
-4.162330e-04 -1 -2
-8.031215e-01 -5.695650e-01 2.210538e-01 
2
2
12 7 1 12 0 -1
12 13 1 6 0 2
haar_y2
-3.192384e-02 1 0
2
8 13 3 6 0 -1
9 13 1 6 0 3
haar_x3
-6.051311e-03 -1 -2
3.535435e-02 -8.535674e-01 5.477618e-02 
2
3
5 7 2 2 0 -1
5 7 1 1 0 2
6 8 1 1 0 2
haar_x2_y2
-5.219294e-05 1 0
2
0 16 3 3 0 -1
1 16 1 3 0 3
haar_x3
-3.568653e-03 -1 -2
-4.181876e-01 6.192651e-01 -6.265531e-02 
2
2
16 7 3 12 0 -1
17 7 1 12 0 3
haar_x3
3.229039e-03 1 0
2
17 11 2 8 0 -1
17 11 1 8 0 2
haar_x2
2.705724e-02 -1 -2
1.706339e-01 2.149990e-02 -6.022025e-01 
2
2
0 7 3 12 0 -1
1 7 1 12 0 3
haar_x3
1.588352e-02 1 0
2
0 11 2 8 0 -1
1 11 1 8 0 2
haar_x2
-1.302128e-02 -1 -2
4.555537e-01 3.071460e-01 -4.674858e-01 
-1.911910e+00

41
-1
