9
2
2
0 2 19 15 0 -1
0 7 19 5 0 3
haar_y3
4.933371e-01 0 1
2
8 3 2 9 0 -1
9 3 1 9 0 2
haar_x2
7.039080e-03 -1 -2
-5.869423e-01 -5.580866e-01 8.281411e-01 
2
2
0 1 19 6 0 -1
0 3 19 2 0 3
haar_y3
-8.623862e-02 1 0
2
2 3 15 3 0 -1
7 4 5 1 0 9
haar_point
1.618770e-02 -1 -2
-4.684736e-01 -5.574285e-01 3.109786e-01 
2
2
2 0 15 3 0 -1
7 1 5 1 0 9
haar_point
7.017239e-02 1 0
2
3 0 13 2 0 -1
3 1 13 1 0 2
haar_y2
-3.984059e-02 -1 -2
5.578143e-01 6.501754e-01 -5.592843e-01 
2
2
12 17 1 2 0 -1
12 18 1 1 0 2
haar_y2
3.378607e-04 0 1
2
10 4 1 4 0 -1
9 5 1 2 0 2
tilted_haar_x4
-1.873343e-03 -1 -2
-2.485906e-01 1.836420e-01 -5.443733e-01 
2
2
3 8 13 3 0 -1
3 9 13 1 0 3
haar_y3
2.894303e-03 0 1
2
3 10 4 1 0 -1
5 10 2 1 0 2
haar_x2
-2.806139e-04 -1 -2
-5.237001e-01 5.480632e-01 -5.024000e-01 
2
2
10 5 3 2 0 -1
10 6 3 1 0 2
haar_y2
7.765570e-03 0 1
2
10 5 1 3 0 -1
10 6 1 1 0 3
haar_y3
-1.431004e-03 -1 -2
3.989416e-02 -7.293067e-01 1.259162e-01 
2
2
6 5 3 2 0 -1
6 6 3 1 0 2
haar_y2
1.004080e-03 0 1
2
8 5 1 3 0 -1
8 6 1 1 0 3
haar_y3
1.339520e-03 -1 -2
-5.654054e-01 4.076408e-01 -8.947446e-01 
2
2
17 10 2 9 0 -1
17 10 1 9 0 2
haar_x2
6.619633e-03 1 0
2
17 3 2 16 0 -1
17 3 1 16 0 2
haar_x2
1.125623e-02 -1 -2
3.064326e-01 -1.548946e-01 2.416051e-01 
2
3
3 17 4 2 0 -1
3 17 2 1 0 2
5 18 2 1 0 2
haar_x2_y2
6.709725e-04 0 1
2
8 6 1 3 0 -1
8 7 1 1 0 3
haar_y3
1.530680e-03 -1 -2
-4.873793e-01 4.394385e-01 -7.497950e-01 
-1.976350e+00

11
-1
