5
2
2
15 4 1 4 0 -1
15 5 1 2 0 2
haar_y4
-5.689133e-05 1 0
2
1 6 3 2 0 -1
2 6 1 2 0 3
haar_x3
-5.138132e-05 -1 -2
-8.470443e-01 6.083970e-01 -7.002963e-01 
2
2
2 15 15 4 0 -1
2 17 15 2 0 2
haar_y2
-1.622328e-02 1 0
2
10 4 8 8 0 -1
12 6 4 8 0 2
tilted_haar_x4
5.440447e-04 -1 -2
-7.327366e-01 6.331118e-01 -6.963727e-01 
2
2
4 5 12 6 0 -1
4 8 12 3 0 2
haar_y2
4.209130e-02 0 1
2
6 0 7 6 0 -1
4 2 7 2 0 3
tilted_haar_y3
-2.298838e-02 -1 -2
-7.745889e-01 6.227205e-01 -6.767201e-01 
2
2
2 2 16 18 0 -1
10 2 8 18 0 2
haar_x2
-5.048457e-01 0 1
2
6 8 10 11 0 -1
11 8 5 11 0 2
haar_x2
1.875595e-01 -1 -2
8.853362e-01 -7.427912e-01 6.399833e-01 
2
3
1 0 8 2 0 -1
1 0 4 1 0 2
5 1 4 1 0 2
haar_x2_y2
7.972546e-03 1 0
2
3 5 14 1 0 -1
3 5 7 1 0 2
tilted_haar_x2
6.329593e-02 -1 -2
6.742875e-01 -6.384206e-01 6.461143e-01 
-1.053737e+00

3
-1
