5
2
2
3 5 12 1 0 -1
7 5 4 1 0 3
haar_x3
1.059743e-02 0 1
2
1 2 17 14 0 -1
1 9 17 7 0 2
haar_y2
7.371262e-02 -1 -2
-7.701514e-01 -8.345233e-01 5.139495e-01 
2
2
6 16 7 4 0 -1
6 17 7 2 0 2
haar_y4
-1.256212e-02 1 0
2
2 16 1 4 0 -1
2 17 1 2 0 2
haar_y4
-1.367015e-03 -1 -2
-6.403418e-01 -8.209378e-01 5.622860e-01 
2
2
7 2 4 2 0 -1
7 3 4 1 0 2
haar_y2
-1.379723e-03 1 0
2
5 2 9 3 0 -1
8 3 3 1 0 9
haar_point
-2.596542e-03 -1 -2
-6.270408e-01 -8.535360e-01 5.247688e-01 
2
2
2 1 1 18 0 -1
2 7 1 6 0 3
haar_y3
2.415481e-05 0 1
2
8 11 2 3 0 -1
7 12 2 1 0 3
tilted_haar_y3
-1.508776e-04 -1 -2
-8.549436e-01 4.072905e-01 -7.059706e-01 
2
2
15 16 2 4 0 -1
15 18 2 2 0 2
haar_y2
2.028835e-03 1 0
2
16 10 1 8 0 -1
16 14 1 4 0 2
haar_y2
6.105564e-04 -1 -2
-8.784266e-01 4.132712e-01 -7.582775e-01 
-1.390522e+00

10
-1
