6
2
2
1 10 16 5 0 -1
5 10 8 5 0 2
haar_x4
4.049626e-02 1 0
3
0 0 10 6 0 -1
0 0 5 3 0 2
5 3 5 3 0 2
haar_x2_y2
4.225576e-02 -1 -2
7.240084e-01 -8.678123e-01 5.607936e-01 
2
2
0 0 18 2 0 -1
6 0 6 2 0 3
haar_x3
-3.214817e-02 0 1
2
5 11 8 10 0 -1
5 16 8 5 0 2
haar_y2
-1.457711e-02 -1 -2
7.263767e-01 4.600812e-01 -7.565357e-01 
2
3
0 1 6 12 0 -1
0 1 3 6 0 2
3 7 3 6 0 2
haar_x2_y2
4.240271e-02 1 0
3
3 5 10 8 0 -1
3 5 5 4 0 2
8 9 5 4 0 2
haar_x2_y2
4.860018e-02 -1 -2
6.700448e-01 -7.300504e-01 4.745725e-01 
2
3
10 12 8 10 0 -1
14 12 4 5 0 2
10 17 4 5 0 2
haar_x2_y2
-3.633970e-02 0 1
3
6 3 10 8 0 -1
11 3 5 4 0 2
6 7 5 4 0 2
haar_x2_y2
2.479102e-02 -1 -2
3.513164e-01 -2.014115e-01 3.026147e-01 
2
2
6 13 3 6 0 -1
4 15 3 2 0 3
tilted_haar_y3
-2.465713e-02 0 1
2
8 8 2 4 0 -1
8 10 2 2 0 2
haar_y2
7.087261e-03 -1 -2
4.049393e-01 -6.642106e-01 2.066720e-01 
2
2
6 0 10 2 0 -1
6 1 10 1 0 2
haar_y2
-3.183947e-03 0 1
2
5 3 10 4 0 -1
5 3 5 4 0 2
haar_x2
-5.286298e-02 -1 -2
3.705027e-01 5.235876e-01 -1.700753e-01 
-2.173479e+00

-1
-1
