2
4
2
5 2 9 5 0 -1
8 2 3 5 0 3
haar_x3
3.827604e-02 2 1
2
2 5 16 6 0 -1
2 8 16 3 0 2
haar_y2
4.112322e-02 0 3
2
5 3 6 7 0 -1
7 3 2 7 0 3
haar_x3
8.689863e-02 -1 -2
2
10 0 8 3 0 -1
12 2 4 3 0 2
tilted_haar_x4
-5.477045e-03 -3 -4
-7.882559e-01 -9.591720e-01 9.515354e-01 9.642144e-01 -7.583391e-01 
4
2
6 16 9 4 0 -1
6 17 9 2 0 2
haar_y4
-7.768224e-03 1 3
2
8 0 4 8 0 -1
6 2 4 4 0 2
tilted_haar_y4
-1.964973e-02 2 0
2
12 12 4 2 0 -1
12 12 2 2 0 2
tilted_haar_x2
8.623663e-03 -1 -2
3
2 1 10 14 0 -1
2 1 5 7 0 2
7 8 5 7 0 2
haar_x2_y2
-1.465133e-01 -3 -4
-6.608442e-01 9.334319e-01 -9.055218e-01 4.651080e-01 -9.169981e-01 
-1.449100e+00

-1
-1
