10
2
2
0 3 19 16 0 -1
0 7 19 8 0 2
haar_y4
3.738419e-01 0 1
2
9 4 4 1 0 -1
10 5 2 1 0 2
tilted_haar_x4
2.798422e-03 -1 -2
-4.550548e-01 -5.553359e-01 7.369149e-01 
2
2
2 1 15 6 0 -1
7 1 5 6 0 3
haar_x3
1.213454e-01 0 1
2
2 0 15 9 0 -1
2 3 15 3 0 3
haar_y3
-2.292717e-01 -1 -2
-4.272639e-01 4.154699e-01 -2.883362e-01 
2
2
2 10 3 1 0 -1
3 10 1 1 0 3
haar_x3
2.447504e-05 0 1
2
7 7 1 3 0 -1
6 8 1 1 0 3
tilted_haar_y3
-2.547433e-03 -1 -2
-4.191401e-01 -7.720308e-01 5.243860e-01 
2
2
8 16 9 1 0 -1
11 16 3 1 0 3
haar_x3
-1.793127e-03 1 0
3
8 8 4 6 0 -1
10 8 2 3 0 2
8 11 2 3 0 2
haar_x2_y2
2.267571e-02 -1 -2
-8.080243e-02 4.837834e-02 -7.239826e-01 
2
2
2 16 9 1 0 -1
5 16 3 1 0 3
haar_x3
-3.541070e-03 1 0
3
7 8 4 6 0 -1
7 8 2 3 0 2
9 11 2 3 0 2
haar_x2_y2
-3.060801e-03 -1 -2
-4.750717e-01 5.361243e-01 -2.942702e-01 
2
2
1 0 17 3 0 -1
1 1 17 1 0 3
haar_y3
6.100181e-02 1 0
2
0 0 19 2 0 -1
0 1 19 1 0 2
haar_y2
4.779819e-02 -1 -2
5.869076e-01 -1.925503e-01 6.080866e-01 
2
2
7 5 5 3 0 -1
7 6 5 1 0 3
haar_y3
5.150471e-03 1 0
2
5 5 4 2 0 -1
5 6 4 1 0 2
haar_y2
2.618628e-03 -1 -2
-9.000425e-01 -4.538554e-01 3.339933e-01 
2
2
10 6 1 3 0 -1
10 7 1 1 0 3
haar_y3
1.040736e-03 1 0
2
10 8 3 5 0 -1
11 8 1 5 0 3
haar_x3
-2.247151e-02 -1 -2
-5.369664e-01 -9.736726e-01 -2.403079e-02 
2
2
8 6 1 3 0 -1
8 7 1 1 0 3
haar_y3
1.429553e-03 1 0
3
0 2 18 12 0 -1
0 2 9 6 0 2
9 8 9 6 0 2
haar_x2_y2
-1.573847e-01 -1 -2
-7.568200e-01 -7.460281e-01 3.481990e-01 
2
2
17 10 1 6 0 -1
17 10 1 3 0 2
tilted_haar_x2
8.056080e-03 0 1
3
1 7 18 10 0 -1
10 7 9 5 0 2
1 12 9 5 0 2
haar_x2_y2
-7.533734e-02 -1 -2
-2.922404e-01 -7.654777e-01 8.002664e-02 
-1.683962e+00

20
-1
