13
2
2
4 6 1 4 0 -1
4 7 1 2 0 2
haar_y4
2.272786e-05 0 1
2
2 4 14 12 0 -1
2 10 14 6 0 2
haar_y2
1.313025e-03 -1 -2
-7.517632e-01 -9.638893e-01 5.171835e-01 
2
2
10 1 2 1 0 -1
10 1 1 1 0 2
tilted_haar_y2
4.812128e-05 0 1
2
11 9 3 2 0 -1
11 9 3 1 0 2
tilted_haar_x2
8.361860e-04 -1 -2
-6.595419e-01 -4.181521e-01 1.243705e-01 
2
2
3 1 12 9 0 -1
6 1 6 9 0 2
haar_x4
4.803729e-03 0 1
2
1 11 16 3 0 -1
5 11 8 3 0 2
haar_x4
-5.646164e-03 -1 -2
-9.507947e-01 6.007406e-01 -8.911160e-01 
2
2
15 1 3 19 0 -1
16 1 1 19 0 3
haar_x3
-6.441616e-03 0 1
2
16 7 2 11 0 -1
16 7 1 11 0 2
haar_x2
2.118646e-03 -1 -2
2.602477e-01 -3.110458e-01 1.837477e-01 
2
2
0 1 3 19 0 -1
1 1 1 19 0 3
haar_x3
-2.996677e-02 0 1
2
0 7 2 13 0 -1
1 7 1 13 0 2
haar_x2
2.690532e-02 -1 -2
5.147753e-01 -8.417282e-01 5.367754e-01 
2
2
4 5 10 12 0 -1
4 9 10 4 0 3
haar_y3
9.160906e-03 0 1
3
7 0 6 4 0 -1
10 0 3 2 0 2
7 2 3 2 0 2
haar_x2_y2
1.168522e-03 -1 -2
-9.726071e-01 -7.420591e-01 1.344675e-01 
2
2
2 17 9 3 0 -1
5 18 3 1 0 9
haar_point
-7.160116e-04 1 0
2
2 4 1 6 0 -1
2 6 1 2 0 3
haar_y3
-3.214639e-05 -1 -2
-8.907977e-01 5.593398e-01 -8.176245e-01 
2
2
10 0 1 9 0 -1
10 3 1 3 0 3
haar_y3
-2.134049e-04 1 0
2
1 8 16 6 0 -1
1 10 16 2 0 3
haar_y3
3.613521e-03 -1 -2
-4.417331e-01 -8.574031e-01 2.671222e-01 
2
3
5 0 6 4 0 -1
5 0 3 2 0 2
8 2 3 2 0 2
haar_x2_y2
5.940612e-04 0 1
2
3 4 1 3 0 -1
3 5 1 1 0 3
haar_y3
-2.161622e-05 -1 -2
-7.784471e-01 6.751862e-01 -7.916701e-01 
2
3
13 3 2 4 0 -1
14 3 1 2 0 2
13 5 1 2 0 2
haar_x2_y2
-2.282860e-05 1 0
2
15 16 1 4 0 -1
15 18 1 2 0 2
haar_y2
-2.223385e-05 -1 -2
-3.531410e-01 3.575903e-01 -4.967236e-01 
2
2
1 7 16 4 0 -1
1 8 16 2 0 2
haar_y4
2.910446e-05 1 0
2
3 5 3 3 0 -1
3 6 3 1 0 3
haar_y3
9.651341e-03 -1 -2
4.506641e-01 -8.489997e-01 7.595671e-01 
2
3
13 3 2 4 0 -1
14 3 1 2 0 2
13 5 1 2 0 2
haar_x2_y2
-1.235321e-04 1 0
2
9 7 1 4 0 -1
9 8 1 2 0 2
haar_y4
-2.280184e-05 -1 -2
-3.514819e-01 2.725278e-01 -5.324069e-01 
2
2
1 2 3 6 0 -1
2 2 1 6 0 3
haar_x3
-2.328773e-05 1 0
2
1 14 2 4 0 -1
1 16 2 2 0 2
haar_y2
2.292765e-03 -1 -2
-6.760920e-01 6.061882e-01 -7.669733e-01 
-2.019822e+00

10
-1
