11
2
2
0 2 19 15 0 -1
0 7 19 5 0 3
haar_y3
5.573177e-01 0 1
2
5 2 6 5 0 -1
8 2 3 5 0 2
haar_x2
3.393685e-02 -1 -2
-4.658161e-01 -5.003332e-01 7.858132e-01 
2
2
2 0 15 3 0 -1
2 1 15 1 0 3
haar_y3
5.017617e-02 1 0
2
11 0 4 2 0 -1
11 1 4 1 0 2
haar_y2
1.098498e-02 -1 -2
6.727036e-01 -1.311835e-01 6.526195e-01 
2
2
8 10 2 1 0 -1
9 10 1 1 0 2
haar_x2
4.823719e-05 0 1
2
1 5 17 2 0 -1
1 6 17 1 0 2
haar_y2
1.788284e-02 -1 -2
-7.421636e-01 -3.766119e-01 5.076401e-01 
2
2
7 1 5 14 0 -1
7 8 5 7 0 2
haar_y2
3.599543e-02 1 0
2
10 13 6 6 0 -1
12 15 2 2 0 9
haar_point
-2.003054e-02 -1 -2
-7.016272e-01 2.209606e-01 -3.759305e-01 
2
2
4 8 7 3 0 -1
3 9 7 1 0 3
tilted_haar_y3
-1.016948e-03 0 1
2
1 14 1 3 0 -1
1 15 1 1 0 3
haar_y3
1.711866e-03 -1 -2
-4.107277e-01 4.702176e-01 -7.570001e-01 
2
2
10 6 1 4 0 -1
9 7 1 2 0 2
tilted_haar_x4
1.758286e-03 0 1
3
1 7 18 2 0 -1
10 7 9 1 0 2
1 8 9 1 0 2
haar_x2_y2
1.055881e-02 -1 -2
9.095364e-02 1.337896e-01 -7.363903e-01 
2
2
9 6 4 1 0 -1
10 7 2 1 0 2
tilted_haar_x4
3.993423e-03 0 1
2
3 1 12 2 0 -1
6 1 6 2 0 2
haar_x4
5.074284e-03 -1 -2
-6.486328e-01 -5.018175e-01 3.322883e-01 
2
2
11 7 6 10 0 -1
11 7 3 10 0 2
haar_x2
-4.600415e-02 1 0
2
13 7 2 1 0 -1
13 7 1 1 0 2
haar_x2
-2.547415e-05 -1 -2
-1.875544e-01 1.942134e-01 -2.435451e-01 
2
2
2 7 6 11 0 -1
5 7 3 11 0 2
haar_x2
-1.098294e-02 1 0
2
0 2 19 15 0 -1
0 7 19 5 0 3
haar_y3
2.372190e-01 -1 -2
-5.741650e-01 -5.528477e-01 4.596655e-01 
2
2
14 1 3 4 0 -1
13 2 3 2 0 2
tilted_haar_x4
3.905637e-02 0 1
2
16 1 3 4 0 -1
17 1 1 4 0 3
haar_x3
-9.007326e-03 -1 -2
-4.098027e-02 -6.230302e-01 4.204863e-02 
2
2
5 1 4 3 0 -1
6 2 2 3 0 2
tilted_haar_x4
-1.321910e-02 0 1
2
0 1 3 4 0 -1
1 1 1 4 0 3
haar_x3
-9.970951e-03 -1 -2
3.972293e-01 5.189193e-01 -5.032088e-01 
-1.887963e+00

17
-1
