5
2
2
5 1 6 7 0 -1
8 1 3 7 0 2
haar_x2
3.996136e-02 0 1
2
0 3 19 8 0 -1
0 7 19 4 0 2
haar_y2
1.269863e-01 -1 -2
-7.994585e-01 -8.551077e-01 9.066074e-01 
2
2
14 7 4 6 0 -1
14 7 4 3 0 2
tilted_haar_x2
1.805920e-03 0 1
2
10 7 1 4 0 -1
9 8 1 2 0 2
tilted_haar_x4
-2.652121e-05 -1 -2
-6.853449e-01 3.207045e-01 -5.572060e-01 
2
2
8 0 4 6 0 -1
6 2 4 2 0 3
tilted_haar_y3
-3.336558e-02 1 0
2
9 7 4 1 0 -1
10 8 2 1 0 2
tilted_haar_x4
2.597680e-03 -1 -2
-8.130050e-01 -4.490374e-01 8.013831e-01 
2
2
5 1 9 17 0 -1
8 1 3 17 0 3
haar_x3
5.504331e-02 0 1
2
14 7 4 6 0 -1
14 7 4 3 0 2
tilted_haar_x2
3.444774e-02 -1 -2
-6.493272e-01 -2.047226e-01 3.017932e-01 
2
2
2 8 6 4 0 -1
5 8 3 4 0 2
haar_x2
-1.881369e-04 1 0
2
7 7 2 4 0 -1
7 8 2 2 0 2
haar_y4
-2.925555e-03 -1 -2
-8.111446e-01 -9.386016e-01 6.814775e-01 
-1.901690e+00

1
-1
