15
2
2
2 6 1 2 0 -1
2 7 1 1 0 2
haar_y2
7.896406e-04 0 1
3
1 17 6 2 0 -1
1 17 3 1 0 2
4 18 3 1 0 2
haar_x2_y2
2.013208e-03 -1 -2
-6.027526e-01 -2.244555e-01 5.683843e-01 
2
3
13 1 6 2 0 -1
16 1 3 1 0 2
13 2 3 1 0 2
haar_x2_y2
-2.362201e-03 0 1
2
12 0 6 3 0 -1
12 1 6 1 0 3
haar_y3
2.154581e-02 -1 -2
2.845639e-01 -2.456315e-01 4.728469e-01 
2
2
8 1 3 18 0 -1
8 10 3 9 0 2
haar_y2
-1.371488e-02 1 0
2
0 5 19 2 0 -1
0 6 19 1 0 2
haar_y2
1.763315e-02 -1 -2
-6.594434e-01 -4.076622e-01 3.246760e-01 
2
2
10 8 1 4 0 -1
9 9 1 2 0 2
tilted_haar_x4
1.147338e-03 0 1
2
10 6 1 3 0 -1
10 7 1 1 0 3
haar_y3
-1.110614e-03 -1 -2
5.425546e-02 -5.944463e-01 8.638842e-02 
2
2
9 8 4 1 0 -1
10 9 2 1 0 2
tilted_haar_x4
6.863122e-03 1 0
2
7 11 5 4 0 -1
7 13 5 2 0 2
haar_y2
6.716576e-03 -1 -2
2.645994e-01 -6.542686e-01 1.747791e-01 
2
2
9 5 2 3 0 -1
9 6 2 1 0 3
haar_y3
2.160683e-03 1 0
2
10 6 3 1 0 -1
11 7 1 1 0 3
tilted_haar_y3
9.444077e-05 -1 -2
-6.869884e-01 -6.913235e-01 1.379205e-01 
2
3
0 1 6 2 0 -1
0 1 3 1 0 2
3 2 3 1 0 2
haar_x2_y2
-3.827599e-03 0 1
2
2 0 5 3 0 -1
2 1 5 1 0 3
haar_y3
-1.629741e-02 -1 -2
4.077144e-01 5.638620e-01 -3.972868e-01 
2
2
10 6 3 1 0 -1
11 7 1 1 0 3
tilted_haar_y3
2.464923e-03 1 0
2
10 6 2 2 0 -1
10 7 2 1 0 2
haar_y2
5.562622e-03 -1 -2
1.167773e-01 6.187995e-02 -6.502897e-01 
2
2
5 7 3 5 0 -1
6 8 1 5 0 3
tilted_haar_x3
8.742356e-03 0 1
2
9 1 9 1 0 -1
12 4 3 1 0 3
tilted_haar_x3
-2.701666e-02 -1 -2
-4.517522e-01 5.176019e-01 -2.246554e-01 
2
2
9 5 1 3 0 -1
9 6 1 1 0 3
haar_y3
-9.691326e-04 0 1
2
10 6 1 3 0 -1
10 7 1 1 0 3
haar_y3
1.641809e-03 -1 -2
-6.975336e-01 8.573740e-02 -6.153480e-01 
2
2
6 10 1 3 0 -1
5 11 1 1 0 3
tilted_haar_y3
-3.233081e-03 0 1
2
6 6 4 2 0 -1
6 7 4 1 0 2
haar_y2
1.191540e-04 -1 -2
-8.080094e-01 -5.619693e-01 3.268166e-01 
2
3
1 3 18 10 0 -1
10 3 9 5 0 2
1 8 9 5 0 2
haar_x2_y2
8.419178e-02 0 1
3
3 9 14 10 0 -1
10 9 7 5 0 2
3 14 7 5 0 2
haar_x2_y2
-5.782592e-02 -1 -2
1.355063e-01 -6.988156e-01 7.865316e-02 
2
2
0 13 2 6 0 -1
1 13 1 6 0 2
haar_x2
-1.026089e-02 0 1
2
0 8 3 11 0 -1
1 8 1 11 0 3
haar_x3
1.251144e-02 -1 -2
5.003349e-01 -4.905796e-01 2.950560e-01 
2
2
11 1 2 3 0 -1
11 1 1 3 0 2
haar_x2
1.968366e-04 0 1
2
13 8 3 2 0 -1
14 9 1 2 0 3
tilted_haar_y3
8.985855e-03 -1 -2
-5.008911e-01 4.786105e-02 -8.781267e-01 
2
2
6 8 2 3 0 -1
5 9 2 1 0 3
tilted_haar_y3
-3.374016e-03 0 1
2
1 9 4 7 0 -1
2 9 2 7 0 2
haar_x4
4.159605e-03 -1 -2
-6.908107e-01 -1.765172e-01 4.763424e-01 
-1.754639e+00

34
-1
