8
2
2
1 0 6 2 0 -1
4 0 3 2 0 2
haar_x2
-2.723238e-02 1 0
2
2 0 3 2 0 -1
2 1 3 1 0 2
haar_y2
-4.647524e-03 -1 -2
-5.349674e-01 5.907820e-01 -6.648777e-01 
2
3
1 16 12 4 0 -1
1 16 6 2 0 2
7 18 6 2 0 2
haar_x2_y2
-2.138220e-02 1 0
2
1 2 8 16 0 -1
5 2 4 16 0 2
haar_x2
8.455697e-02 -1 -2
-5.169069e-01 -6.419991e-01 5.531564e-01 
2
2
0 3 3 11 0 -1
1 3 1 11 0 3
haar_x3
-5.360121e-02 0 1
2
0 14 3 6 0 -1
1 14 1 6 0 3
haar_x3
2.517400e-02 -1 -2
5.365064e-01 -6.571271e-01 4.855497e-01 
2
2
10 0 8 1 0 -1
14 0 4 1 0 2
haar_x2
1.490928e-02 1 0
2
4 0 13 12 0 -1
4 6 13 6 0 2
haar_y2
3.142724e-01 -1 -2
2.752785e-01 -6.849645e-01 7.207429e-01 
2
2
11 8 5 12 0 -1
11 14 5 6 0 2
haar_y2
-1.504751e-02 1 0
2
16 12 1 8 0 -1
16 16 1 4 0 2
haar_y2
3.147999e-05 -1 -2
-9.053376e-01 -4.501179e-01 4.597966e-01 
2
2
2 0 9 1 0 -1
5 0 3 1 0 3
haar_x3
-3.060628e-05 1 0
2
1 0 4 6 0 -1
2 0 2 6 0 2
haar_x4
-5.948625e-04 -1 -2
-8.380206e-01 3.613984e-01 -6.813360e-01 
2
2
13 5 4 6 0 -1
13 7 4 2 0 3
haar_y3
-7.024010e-03 1 0
2
15 1 2 1 0 -1
16 1 1 1 0 2
haar_x2
-3.101620e-04 -1 -2
-6.674736e-01 -8.213381e-01 4.012447e-01 
2
2
15 1 3 9 0 -1
16 1 1 9 0 3
haar_x3
2.326389e-02 1 0
2
2 0 15 9 0 -1
7 3 5 3 0 9
haar_point
4.224601e-01 -1 -2
6.697955e-01 -4.770564e-01 5.323488e-01 
-1.690660e+00

10
-1
