6
2
2
8 10 3 4 0 -1
8 11 3 2 0 2
haar_y4
4.062018e-03 0 1
2
7 7 4 2 0 -1
7 8 4 1 0 2
haar_y2
3.874096e-03 -1 -2
-5.027015e-01 5.677673e-01 -9.472835e-01 
2
2
2 3 3 3 0 -1
2 4 3 1 0 3
haar_y3
3.453349e-03 1 0
2
2 0 4 4 0 -1
2 1 4 2 0 2
haar_y4
-9.220872e-03 -1 -2
4.522439e-01 3.636472e-01 -6.735147e-01 
2
2
4 5 10 6 0 -1
4 8 10 3 0 2
haar_y2
2.877844e-02 0 1
2
6 8 3 4 0 -1
6 8 3 2 0 2
tilted_haar_y2
8.249305e-04 -1 -2
-7.278346e-01 4.301018e-01 -7.157205e-01 
2
3
10 1 6 4 0 -1
10 1 3 2 0 2
13 3 3 2 0 2
haar_x2_y2
5.730465e-03 1 0
2
1 7 16 13 0 -1
9 7 8 13 0 2
haar_x2
5.827792e-01 -1 -2
3.437790e-01 -7.249421e-01 7.555815e-01 
2
2
2 1 16 17 0 -1
10 1 8 17 0 2
haar_x2
-5.465368e-01 0 1
3
0 0 14 2 0 -1
0 0 7 1 0 2
7 1 7 1 0 2
haar_x2_y2
1.355371e-02 -1 -2
6.874716e-01 -7.253748e-01 3.853365e-01 
2
2
1 16 12 4 0 -1
1 17 12 2 0 2
haar_y4
-9.264955e-03 1 0
2
15 16 1 4 0 -1
15 17 1 2 0 2
haar_y4
-1.817815e-03 -1 -2
-6.894416e-01 -8.399034e-01 4.648290e-01 
-1.775162e+00

12
-1
