6
2
2
7 12 4 3 0 -1
7 13 4 1 0 3
haar_y3
-7.513369e-03 1 0
2
11 11 5 8 0 -1
11 13 5 4 0 2
haar_y4
-8.978676e-03 -1 -2
-3.954109e-01 -7.909828e-01 6.403249e-01 
2
2
8 1 1 2 0 -1
8 1 1 1 0 2
tilted_haar_y2
5.035577e-04 0 1
2
12 6 3 1 0 -1
13 6 1 1 0 3
haar_x3
-2.094942e-03 -1 -2
-7.837887e-01 6.002358e-01 -3.242787e-01 
2
2
8 7 2 4 0 -1
8 8 2 2 0 2
haar_y4
1.984191e-03 1 0
2
5 7 13 2 0 -1
5 8 13 1 0 2
haar_y2
2.896677e-03 -1 -2
-8.445392e-01 -7.566497e-01 3.705910e-01 
2
2
8 3 6 10 0 -1
10 3 2 10 0 3
haar_x3
-7.610284e-02 0 1
2
1 1 16 19 0 -1
9 1 8 19 0 2
haar_x2
4.284148e-01 -1 -2
5.215431e-01 -7.917810e-01 4.333869e-01 
2
3
2 5 2 2 0 -1
2 5 1 1 0 2
3 6 1 1 0 2
haar_x2_y2
1.820538e-03 1 0
2
10 4 6 3 0 -1
12 5 2 1 0 9
haar_point
-4.316869e-02 -1 -2
5.289997e-01 3.750268e-01 -6.737635e-01 
2
2
4 5 3 6 0 -1
4 8 3 3 0 2
haar_y2
3.638639e-02 0 1
2
5 2 12 5 0 -1
11 2 6 5 0 2
haar_x2
-6.071623e-02 -1 -2
-4.063812e-01 7.780669e-01 -7.595983e-01 
-1.634761e+00

13
-1
