5
2
3
12 6 2 2 0 -1
12 6 1 1 0 2
13 7 1 1 0 2
haar_x2_y2
4.918733e-05 0 1
2
4 10 5 3 0 -1
3 11 5 1 0 3
tilted_haar_y3
-1.279529e-03 -1 -2
-8.158565e-01 -8.161919e-01 5.416247e-01 
2
2
0 0 3 5 0 -1
1 0 1 5 0 3
haar_x3
-1.404753e-02 0 1
2
2 0 12 3 0 -1
2 1 12 1 0 3
haar_y3
4.533753e-02 -1 -2
6.533989e-01 -6.595146e-01 6.803003e-01 
2
2
1 18 16 1 0 -1
5 18 8 1 0 2
haar_x4
-7.585334e-03 1 0
2
8 5 8 2 0 -1
12 5 4 2 0 2
haar_x2
-6.503933e-03 -1 -2
-6.045096e-01 6.039400e-01 -6.897926e-01 
2
2
16 1 1 16 0 -1
16 5 1 8 0 2
haar_y4
-6.377741e-04 0 1
2
11 16 5 4 0 -1
11 18 5 2 0 2
haar_y2
3.767446e-03 -1 -2
-8.099888e-01 4.897332e-01 -8.482640e-01 
2
2
2 5 1 3 0 -1
2 6 1 1 0 3
haar_y3
-2.174985e-05 1 0
2
8 10 2 3 0 -1
7 11 2 1 0 3
tilted_haar_y3
-2.787554e-05 -1 -2
-7.767149e-01 4.667101e-01 -6.923707e-01 
-1.214710e+00

5
-1
