10
2
2
3 2 12 6 0 -1
6 2 6 6 0 2
haar_x4
6.360354e-02 0 1
2
2 12 1 2 0 -1
2 13 1 1 0 2
haar_y2
-5.841346e-05 -1 -2
-6.639849e-01 6.009701e-01 -8.503101e-01 
2
3
9 10 4 4 0 -1
11 10 2 2 0 2
9 12 2 2 0 2
haar_x2_y2
-1.289464e-03 1 0
2
12 6 2 2 0 -1
12 6 1 2 0 2
tilted_haar_y2
2.554925e-05 -1 -2
-6.030620e-01 -4.573144e-01 3.014015e-01 
2
2
8 8 3 6 0 -1
8 10 3 2 0 3
haar_y3
1.177597e-02 0 1
2
4 8 8 3 0 -1
4 9 8 1 0 3
haar_y3
7.773123e-04 -1 -2
-4.396099e-01 -8.833334e-01 6.753320e-01 
2
2
11 9 8 1 0 -1
13 9 4 1 0 2
haar_x4
-9.722243e-04 0 1
2
10 5 4 2 0 -1
10 6 4 1 0 2
haar_y2
1.779641e-03 -1 -2
1.694289e-01 -8.401948e-01 2.202239e-01 
2
3
2 15 4 4 0 -1
2 15 2 2 0 2
4 17 2 2 0 2
haar_x2_y2
5.883807e-03 1 0
2
6 15 1 4 0 -1
6 16 1 2 0 2
haar_y4
-2.375124e-03 -1 -2
4.733787e-01 5.086566e-02 -7.594202e-01 
2
2
9 2 2 5 0 -1
9 2 1 5 0 2
haar_x2
-5.416303e-03 0 1
2
12 10 4 1 0 -1
12 10 2 1 0 2
haar_x2
-4.859170e-05 -1 -2
3.079734e-01 1.395773e-01 -4.024875e-01 
2
2
0 9 8 1 0 -1
2 9 4 1 0 2
haar_x4
1.099644e-03 0 1
2
9 3 4 1 0 -1
10 4 2 1 0 2
tilted_haar_x4
1.574176e-03 -1 -2
-7.574890e-01 -7.015864e-01 4.910839e-01 
2
2
1 0 17 3 0 -1
1 1 17 1 0 3
haar_y3
5.073350e-02 1 0
2
2 0 15 4 0 -1
2 2 15 2 0 2
haar_y2
-6.669708e-02 -1 -2
4.612860e-01 2.297762e-01 -3.929779e-01 
2
2
4 8 6 3 0 -1
3 9 6 1 0 3
tilted_haar_y3
3.614214e-03 0 1
2
9 5 2 3 0 -1
8 6 2 1 0 3
tilted_haar_y3
-3.882813e-05 -1 -2
-8.243734e-01 3.152990e-01 -9.368250e-01 
2
2
10 6 1 2 0 -1
10 7 1 1 0 2
haar_y2
2.591731e-05 0 1
2
4 7 11 3 0 -1
4 8 11 1 0 3
haar_y3
1.977550e-03 -1 -2
-7.077803e-01 -9.439754e-01 1.771366e-01 
-1.907374e+00

29
-1
