31
2
2
2 0 4 2 0 -1
2 0 2 2 0 2
tilted_haar_x2
1.902727e-02 0 1
2
2 0 14 2 0 -1
2 1 14 1 0 2
haar_y2
-1.057556e-02 -1 -2
-4.180198e-01 7.884284e-01 7.550285e-03 
2
3
10 12 8 10 0 -1
14 12 4 5 0 2
10 17 4 5 0 2
haar_x2_y2
-2.310447e-02 1 0
3
8 0 8 4 0 -1
12 0 4 2 0 2
8 2 4 2 0 2
haar_x2_y2
2.104605e-02 -1 -2
-1.420686e-01 -1.547737e-01 5.568066e-01 
2
3
0 12 8 10 0 -1
0 12 4 5 0 2
4 17 4 5 0 2
haar_x2_y2
-4.862040e-02 0 1
2
0 7 12 10 0 -1
3 7 6 10 0 2
haar_x4
4.875201e-02 -1 -2
3.797408e-01 -3.812237e-01 1.977940e-01 
2
2
11 2 2 2 0 -1
11 2 2 1 0 2
tilted_haar_x2
2.502483e-03 1 0
2
7 7 4 9 0 -1
7 10 4 3 0 3
haar_y3
2.038429e-02 -1 -2
-2.545960e-01 -2.732393e-01 2.208827e-01 
2
2
7 2 2 2 0 -1
7 2 1 2 0 2
tilted_haar_x2
2.901192e-03 1 0
2
4 5 1 2 0 -1
4 5 1 1 0 2
tilted_haar_y2
-1.532658e-03 -1 -2
-6.012347e-01 -3.200910e-01 2.988228e-01 
2
3
16 10 2 6 0 -1
17 10 1 3 0 2
16 13 1 3 0 2
haar_x2_y2
-1.209169e-03 0 1
2
11 14 2 6 0 -1
11 14 2 3 0 2
tilted_haar_x2
-2.939080e-02 -1 -2
1.623106e-01 -6.236355e-01 6.359779e-03 
2
3
0 7 2 12 0 -1
0 7 1 6 0 2
1 13 1 6 0 2
haar_x2_y2
-1.285664e-02 0 1
3
4 0 4 2 0 -1
4 0 2 1 0 2
6 1 2 1 0 2
haar_x2_y2
5.872886e-03 -1 -2
4.775063e-01 -2.947852e-01 3.330727e-01 
2
2
13 13 2 6 0 -1
13 13 2 3 0 2
tilted_haar_x2
3.367070e-02 1 0
2
4 7 10 12 0 -1
4 10 10 6 0 2
haar_y4
5.374733e-02 -1 -2
-3.013803e-01 -2.386951e-01 1.793090e-01 
2
2
5 13 6 2 0 -1
5 13 3 2 0 2
tilted_haar_x2
3.230821e-02 1 0
2
0 11 7 6 0 -1
0 14 7 3 0 2
haar_y2
-5.091965e-02 -1 -2
-7.118472e-01 -7.080887e-01 1.864503e-01 
2
3
6 0 12 2 0 -1
12 0 6 1 0 2
6 1 6 1 0 2
haar_x2_y2
-1.492631e-02 0 1
2
3 1 12 2 0 -1
3 2 12 1 0 2
haar_y2
1.413827e-02 -1 -2
4.345955e-01 -1.030184e-01 3.761702e-01 
2
3
5 6 8 6 0 -1
5 6 4 3 0 2
9 9 4 3 0 2
haar_x2_y2
3.350367e-02 1 0
2
9 1 6 7 0 -1
9 1 3 7 0 2
tilted_haar_x2
-9.927830e-02 -1 -2
3.755671e-01 1.665094e-01 -3.840417e-01 
2
2
9 15 2 4 0 -1
9 15 2 2 0 2
tilted_haar_x2
4.321392e-02 1 0
2
12 2 3 1 0 -1
13 3 1 1 0 3
tilted_haar_y3
9.083826e-03 -1 -2
-7.493938e-01 2.468103e-02 -4.717759e-01 
2
2
3 16 3 3 0 -1
2 17 3 1 0 3
tilted_haar_y3
1.867663e-02 1 0
2
3 16 3 3 0 -1
2 17 3 1 0 3
tilted_haar_y3
-1.156275e-02 -1 -2
5.489805e-01 3.138972e-01 -2.285281e-01 
2
2
5 8 8 3 0 -1
7 8 4 3 0 2
haar_x4
-1.677570e-02 0 1
2
8 10 2 4 0 -1
8 12 2 2 0 2
haar_y2
-2.872406e-03 -1 -2
4.671727e-01 2.757934e-01 -1.319756e-01 
2
2
7 7 4 3 0 -1
9 7 2 3 0 2
haar_x2
1.937160e-02 1 0
3
5 5 8 6 0 -1
5 5 4 3 0 2
9 8 4 3 0 2
haar_x2_y2
-4.621083e-02 -1 -2
4.794847e-01 4.963026e-01 -2.592873e-01 
2
2
15 6 2 2 0 -1
15 6 1 2 0 2
tilted_haar_y2
2.086872e-03 0 1
2
9 2 2 1 0 -1
9 2 1 1 0 2
haar_x2
1.337055e-03 -1 -2
-4.884695e-02 7.927911e-02 -4.689694e-01 
2
2
3 6 2 2 0 -1
3 6 2 1 0 2
tilted_haar_y2
-2.154880e-03 0 1
2
5 4 1 2 0 -1
5 4 1 1 0 2
tilted_haar_y2
-2.003569e-03 -1 -2
-4.167784e-01 -4.101141e-01 2.757955e-01 
2
2
12 0 6 4 0 -1
11 1 6 2 0 2
tilted_haar_x4
2.881413e-02 0 1
2
14 0 4 3 0 -1
13 1 4 1 0 3
tilted_haar_x3
1.981331e-02 -1 -2
-7.289099e-02 -1.126923e-01 5.979375e-01 
2
3
2 7 14 12 0 -1
2 7 7 6 0 2
9 13 7 6 0 2
haar_x2_y2
-1.182089e-01 0 1
2
5 1 2 5 0 -1
5 1 1 5 0 2
tilted_haar_x2
3.052493e-02 -1 -2
-6.124166e-01 5.293218e-02 7.210423e-01 
2
2
17 5 1 2 0 -1
17 6 1 1 0 2
haar_y2
-1.498536e-03 0 1
3
16 2 2 6 0 -1
17 2 1 3 0 2
16 5 1 3 0 2
haar_x2_y2
6.027040e-03 -1 -2
-2.008866e-01 -1.524350e-01 4.698040e-01 
2
2
4 0 3 4 0 -1
5 1 1 4 0 3
tilted_haar_x3
-2.701312e-02 0 1
2
0 5 1 2 0 -1
0 6 1 1 0 2
haar_y2
-9.602838e-04 -1 -2
5.327829e-01 -5.396239e-01 4.700096e-02 
2
2
11 7 4 9 0 -1
8 10 4 3 0 3
tilted_haar_x3
4.434492e-02 1 0
3
7 4 8 6 0 -1
11 4 4 3 0 2
7 7 4 3 0 2
haar_x2_y2
7.590735e-02 -1 -2
1.118182e-01 -1.869067e-02 7.738178e-01 
2
2
9 5 9 6 0 -1
12 8 3 6 0 3
tilted_haar_x3
6.083106e-02 1 0
2
6 1 6 9 0 -1
6 4 6 3 0 3
haar_y3
7.265136e-02 -1 -2
1.305670e-01 -4.425953e-01 3.086949e-01 
2
2
11 4 4 10 0 -1
12 5 2 10 0 2
tilted_haar_y4
2.207336e-02 1 0
2
9 5 6 5 0 -1
11 7 2 5 0 3
tilted_haar_y3
4.891521e-02 -1 -2
1.211429e-01 -8.528038e-02 1.240692e-01 
2
2
7 4 10 4 0 -1
6 5 10 2 0 2
tilted_haar_y4
2.055087e-02 1 0
2
7 7 3 6 0 -1
8 9 1 2 0 9
haar_point
-9.999033e-03 -1 -2
2.903137e-01 1.886354e-01 -3.494626e-01 
2
2
9 0 9 8 0 -1
9 2 9 4 0 2
haar_y4
-2.032627e-02 0 1
2
2 6 14 14 0 -1
2 13 14 7 0 2
haar_y2
-2.373308e-04 -1 -2
1.928159e-01 1.027714e-01 -2.307492e-01 
2
2
2 7 12 8 0 -1
8 7 6 8 0 2
haar_x2
1.413549e-01 1 0
2
5 0 6 5 0 -1
7 2 2 5 0 3
tilted_haar_x3
-1.031740e-01 -1 -2
2.279939e-01 4.852709e-01 -2.829138e-01 
2
2
9 14 4 4 0 -1
9 14 4 2 0 2
tilted_haar_x2
1.036831e-02 1 0
2
8 8 2 9 0 -1
8 11 2 3 0 3
haar_y3
-6.390337e-03 -1 -2
6.462338e-02 2.535595e-01 -1.074892e-01 
2
2
9 14 4 4 0 -1
9 14 2 4 0 2
tilted_haar_x2
5.490457e-03 1 0
3
0 15 2 4 0 -1
0 15 1 2 0 2
1 17 1 2 0 2
haar_x2_y2
7.685475e-03 -1 -2
1.615476e-01 -3.053132e-01 7.539016e-01 
2
3
12 20 2 2 0 -1
13 20 1 1 0 2
12 21 1 1 0 2
haar_x2_y2
-3.899295e-03 0 1
3
13 20 2 2 0 -1
14 20 1 1 0 2
13 21 1 1 0 2
haar_x2_y2
3.253747e-03 -1 -2
5.775382e-01 -1.328920e-01 5.457780e-01 
2
2
1 11 10 1 0 -1
6 11 5 1 0 2
haar_x2
2.112792e-04 1 0
2
8 3 8 7 0 -1
8 3 4 7 0 2
tilted_haar_x2
6.557082e-02 -1 -2
7.381792e-02 -5.648678e-01 3.475642e-01 
-2.008493e+00

4
-1
