10
2
2
2 0 15 3 0 -1
2 1 15 1 0 3
haar_y3
3.408161e-02 1 0
2
0 0 2 19 0 -1
1 0 1 19 0 2
haar_x2
-3.216302e-02 -1 -2
5.557705e-01 7.337281e-01 -6.186827e-01 
2
2
2 2 15 5 0 -1
7 2 5 5 0 3
haar_x3
1.157342e-01 0 1
2
13 10 6 2 0 -1
15 10 2 2 0 3
haar_x3
1.953814e-03 -1 -2
-5.720393e-01 -3.457344e-01 2.452048e-01 
2
2
8 4 2 8 0 -1
9 4 1 8 0 2
haar_x2
7.749288e-03 0 1
2
4 4 1 12 0 -1
4 7 1 6 0 2
haar_y4
1.757307e-02 -1 -2
-5.153992e-01 -3.322298e-01 6.841557e-01 
2
2
17 7 2 11 0 -1
17 7 1 11 0 2
haar_x2
1.159151e-02 1 0
3
13 15 4 4 0 -1
15 15 2 2 0 2
13 17 2 2 0 2
haar_x2_y2
5.380859e-03 -1 -2
3.381982e-01 -5.205357e-02 3.891932e-01 
2
2
0 7 2 11 0 -1
1 7 1 11 0 2
haar_x2
1.329124e-02 1 0
2
6 17 1 2 0 -1
6 18 1 1 0 2
haar_y2
3.740973e-04 -1 -2
6.098334e-01 -7.173140e-01 2.165570e-02 
2
2
8 5 4 3 0 -1
8 6 4 1 0 3
haar_y3
-2.492786e-03 0 1
2
9 6 3 3 0 -1
9 7 3 1 0 3
haar_y3
4.120426e-03 -1 -2
-7.420263e-01 1.185910e-01 -7.150472e-01 
2
3
5 7 2 2 0 -1
5 7 1 1 0 2
6 8 1 1 0 2
haar_x2_y2
-2.536212e-05 1 0
3
0 5 18 4 0 -1
0 5 9 2 0 2
9 7 9 2 0 2
haar_x2_y2
-4.324786e-02 -1 -2
-4.068922e-01 -7.333521e-01 5.131524e-01 
2
2
5 3 9 8 0 -1
8 3 3 8 0 3
haar_x3
9.431000e-02 1 0
2
8 6 6 9 0 -1
10 6 2 9 0 3
haar_x3
3.053504e-02 -1 -2
4.028251e-01 -2.479448e-01 2.982166e-01 
2
3
6 12 4 6 0 -1
6 12 2 3 0 2
8 15 2 3 0 2
haar_x2_y2
3.604840e-03 1 0
2
1 4 17 12 0 -1
1 7 17 6 0 2
haar_y4
4.492898e-01 -1 -2
1.294699e-01 -6.791652e-01 7.680715e-01 
2
2
1 1 17 6 0 -1
1 3 17 2 0 3
haar_y3
-6.471345e-02 1 0
2
10 5 3 2 0 -1
11 6 1 2 0 3
tilted_haar_y3
-4.182962e-03 -1 -2
-5.499206e-01 -8.541126e-01 2.413718e-02 
-1.938083e+00

12
-1
