4
2
2
6 16 7 4 0 -1
6 17 7 2 0 2
haar_y4
-1.315612e-02 1 0
2
14 13 2 6 0 -1
14 15 2 2 0 3
haar_y3
6.208165e-03 -1 -2
-5.742337e-01 6.329147e-01 -8.043135e-01 
2
2
13 0 2 3 0 -1
13 0 1 3 0 2
tilted_haar_x2
7.686070e-03 0 1
2
10 3 6 14 0 -1
13 3 3 14 0 2
haar_x2
-8.843257e-03 -1 -2
-6.008801e-01 -6.925087e-01 5.992239e-01 
2
2
5 5 6 10 0 -1
7 5 2 10 0 3
haar_x3
-9.667020e-02 0 1
2
2 9 10 7 0 -1
7 9 5 7 0 2
haar_x2
-1.174863e-01 -1 -2
7.332660e-01 5.850603e-01 -7.446376e-01 
2
2
2 5 15 3 0 -1
7 5 5 3 0 3
haar_x3
1.690472e-02 0 1
2
1 6 13 9 0 -1
1 9 13 3 0 3
haar_y3
1.759466e-02 -1 -2
-8.428234e-01 -9.157344e-01 4.079066e-01 
-1.511845e+00

6
-1
