3
4
2
7 2 2 2 0 -1
7 3 2 1 0 2
haar_y2
-1.106574e-03 1 2
2
7 7 2 4 0 -1
7 7 2 2 0 2
tilted_haar_y2
-3.124864e-05 3 0
2
2 1 16 19 0 -1
10 1 8 19 0 2
haar_x2
-6.213686e-01 -1 -2
2
6 2 3 18 0 -1
6 11 3 9 0 2
haar_y2
3.136240e-02 -3 -4
-7.288691e-01 3.966114e-01 -8.227066e-01 7.302865e-01 -9.480652e-01 
4
2
6 6 11 8 0 -1
6 8 11 4 0 2
haar_y4
2.267518e-02 0 1
2
2 17 9 3 0 -1
5 18 3 1 0 9
haar_point
-7.719346e-03 2 -1
2
5 17 12 2 0 -1
9 17 4 2 0 3
haar_x3
1.526077e-02 3 -2
2
1 15 3 4 0 -1
1 16 3 2 0 2
haar_y4
4.828841e-03 -3 -4
-7.651770e-01 -5.770455e-01 -6.306952e-01 7.775975e-01 -9.088593e-01 
4
2
7 10 4 4 0 -1
7 11 4 2 0 2
haar_y4
5.965347e-03 3 1
2
13 5 3 4 0 -1
14 6 1 4 0 3
tilted_haar_x3
-1.588725e-04 2 0
2
11 10 1 3 0 -1
11 11 1 1 0 3
haar_y3
1.913220e-03 -1 -2
2
1 0 17 2 0 -1
1 1 17 1 0 2
haar_y2
-3.737324e-02 -3 -4
-6.882160e-01 7.656201e-01 -7.748317e-01 3.757964e-01 -6.380556e-01 
-1.006621e+00

7
-1
