6
2
2
3 6 3 1 0 -1
4 6 1 1 0 3
haar_x3
-2.650088e-03 0 1
2
0 0 3 19 0 -1
1 0 1 19 0 3
haar_x3
-5.682631e-02 -1 -2
5.948511e-01 7.048205e-01 -6.679819e-01 
2
2
1 1 16 4 0 -1
1 2 16 2 0 2
haar_y4
-1.868608e-02 0 1
2
12 0 6 2 0 -1
12 1 6 1 0 2
haar_y2
-1.898980e-02 -1 -2
5.615561e-01 7.156848e-01 -6.363400e-01 
2
2
5 17 8 3 0 -1
5 18 8 1 0 3
haar_y3
-1.299093e-02 1 0
3
16 6 2 6 0 -1
16 6 1 3 0 2
17 9 1 3 0 2
haar_x2_y2
-2.331294e-05 -1 -2
-5.656258e-01 6.952655e-01 -6.706929e-01 
2
2
8 12 3 2 0 -1
8 13 3 1 0 2
haar_y2
-3.715222e-03 1 0
2
2 5 15 12 0 -1
2 11 15 6 0 2
haar_y2
-4.562781e-02 -1 -2
-4.224927e-01 -9.271119e-01 7.226091e-01 
2
2
9 0 2 4 0 -1
9 0 2 2 0 2
tilted_haar_y2
8.137286e-03 0 1
2
2 1 1 16 0 -1
2 9 1 8 0 2
haar_y2
1.745100e-04 -1 -2
-7.615332e-01 -9.474593e-01 4.960366e-01 
2
2
2 7 16 11 0 -1
10 7 8 11 0 2
haar_x2
-4.042678e-01 0 1
2
1 9 16 11 0 -1
9 9 8 11 0 2
haar_x2
3.661128e-01 -1 -2
8.247750e-01 -6.852533e-01 7.643420e-01 
-1.336555e+00

4
-1
