11
2
2
1 4 17 6 0 -1
1 7 17 3 0 2
haar_y2
1.956958e-01 0 1
2
9 8 4 1 0 -1
10 9 2 1 0 2
tilted_haar_x4
4.020698e-03 -1 -2
-3.758259e-01 -4.218459e-01 7.180409e-01 
2
2
2 3 15 2 0 -1
7 3 5 2 0 3
haar_x3
3.905163e-02 0 1
2
1 1 17 6 0 -1
1 3 17 2 0 3
haar_y3
-6.313319e-02 -1 -2
-4.597662e-01 2.572366e-01 -4.708315e-01 
2
2
4 8 7 4 0 -1
4 9 7 2 0 2
haar_y4
4.848602e-03 0 1
2
8 3 6 1 0 -1
10 5 2 1 0 3
tilted_haar_x3
9.644018e-03 -1 -2
-3.656078e-01 -2.447770e-01 5.771447e-01 
2
2
2 10 16 4 0 -1
6 10 8 4 0 2
haar_x4
-4.221527e-02 1 0
2
12 11 2 6 0 -1
12 14 2 3 0 2
haar_y2
-2.449556e-03 -1 -2
-3.002088e-01 1.672399e-01 -2.001701e-01 
2
2
7 0 5 3 0 -1
7 1 5 1 0 3
haar_y3
1.389711e-02 1 0
2
0 0 19 2 0 -1
0 1 19 1 0 2
haar_y2
-3.399085e-02 -1 -2
5.013747e-01 5.850030e-01 -4.447278e-01 
2
2
12 9 2 1 0 -1
12 9 1 1 0 2
haar_x2
3.577792e-03 1 0
2
9 1 4 3 0 -1
9 1 2 3 0 2
haar_x2
4.548941e-02 -1 -2
-6.249964e-01 1.665139e-02 -9.732304e-01 
2
2
5 9 2 1 0 -1
6 9 1 1 0 2
haar_x2
-4.851014e-05 1 0
2
6 1 4 3 0 -1
8 1 2 3 0 2
haar_x2
5.488832e-03 -1 -2
-5.327355e-01 -4.948071e-01 3.594306e-01 
2
3
13 17 4 2 0 -1
15 17 2 1 0 2
13 18 2 1 0 2
haar_x2_y2
1.015299e-03 0 1
2
15 9 3 4 0 -1
16 9 1 4 0 3
haar_x3
2.508636e-05 -1 -2
-3.461762e-01 -2.649421e-01 1.754306e-01 
2
2
1 12 1 3 0 -1
1 13 1 1 0 3
haar_y3
1.277198e-03 1 0
2
0 13 7 2 0 -1
0 14 7 1 0 2
haar_y2
-4.238925e-04 -1 -2
-6.927185e-01 4.737060e-01 -3.196757e-01 
2
2
10 4 1 3 0 -1
10 5 1 1 0 3
haar_y3
2.683216e-03 1 0
3
1 7 18 12 0 -1
10 7 9 6 0 2
1 13 9 6 0 2
haar_x2_y2
-8.759031e-02 -1 -2
-9.269339e-01 -8.554702e-01 1.510826e-01 
2
2
7 16 3 1 0 -1
8 16 1 1 0 3
haar_x3
-1.500729e-03 0 1
2
8 16 2 2 0 -1
9 16 1 2 0 2
haar_x2
7.844385e-04 -1 -2
-8.638145e-01 -1.964436e-01 4.087410e-01 
-1.663049e+00

30
-1
