41
2
2
0 1 2 20 0 -1
0 6 2 10 0 2
haar_y4
-5.470846e-02 0 1
3
1 0 10 4 0 -1
1 0 5 2 0 2
6 2 5 2 0 2
haar_x2_y2
2.888537e-02 -1 -2
5.647624e-01 -4.963042e-01 1.622684e-01 
2
2
3 0 12 2 0 -1
3 1 12 1 0 2
haar_y2
-1.367439e-02 1 0
2
0 0 18 3 0 -1
6 1 6 1 0 9
haar_point
-1.643712e-01 -1 -2
-2.507744e-01 5.215859e-01 -1.536592e-01 
2
2
4 11 10 10 0 -1
4 16 10 5 0 2
haar_y2
-4.027721e-02 1 0
2
6 2 4 2 0 -1
6 3 4 1 0 2
haar_y2
-2.465116e-03 -1 -2
-3.434491e-01 -4.611190e-01 3.630374e-01 
2
2
2 12 15 7 0 -1
7 12 5 7 0 3
haar_x3
6.007396e-02 0 1
2
9 14 1 6 0 -1
9 14 1 3 0 2
tilted_haar_x2
3.837442e-03 -1 -2
-2.703947e-01 -1.491869e-01 1.191133e-02 
2
2
0 3 2 14 0 -1
1 3 1 14 0 2
haar_x2
-1.196422e-02 0 1
2
6 0 2 6 0 -1
6 0 1 6 0 2
tilted_haar_x2
-2.786579e-02 -1 -2
4.488705e-01 6.045966e-01 -1.421765e-01 
2
3
10 18 6 4 0 -1
13 18 3 2 0 2
10 20 3 2 0 2
haar_x2_y2
-1.109577e-02 0 1
3
11 20 4 2 0 -1
13 20 2 1 0 2
11 21 2 1 0 2
haar_x2_y2
-2.882466e-03 -1 -2
2.660567e-01 3.274187e-01 -7.856838e-02 
2
2
1 7 3 2 0 -1
1 8 3 1 0 2
haar_y2
-2.371276e-03 0 1
2
6 2 1 4 0 -1
5 3 1 2 0 2
tilted_haar_y4
3.390872e-03 -1 -2
-5.316537e-01 1.667276e-01 -4.422884e-01 
2
2
0 0 18 3 0 -1
0 0 9 3 0 2
haar_x2
1.027180e-01 0 1
2
10 16 1 4 0 -1
10 16 1 2 0 2
tilted_haar_x2
-1.330019e-02 -1 -2
5.422254e-02 -5.378557e-01 5.233625e-03 
2
3
3 20 4 2 0 -1
3 20 2 1 0 2
5 21 2 1 0 2
haar_x2_y2
5.471655e-03 1 0
3
3 20 4 2 0 -1
3 20 2 1 0 2
5 21 2 1 0 2
haar_x2_y2
-4.020935e-03 -1 -2
5.178690e-01 3.257802e-01 -2.736773e-01 
2
2
11 3 2 2 0 -1
11 4 2 1 0 2
haar_y2
5.633526e-05 0 1
2
10 16 1 4 0 -1
10 16 1 2 0 2
tilted_haar_x2
-1.330019e-02 -1 -2
-1.135523e-01 -5.967549e-01 1.630357e-02 
2
2
6 2 1 3 0 -1
5 3 1 1 0 3
tilted_haar_y3
-3.080789e-03 0 1
2
8 16 4 1 0 -1
8 16 2 1 0 2
tilted_haar_x2
1.198437e-02 -1 -2
-4.279801e-01 2.021464e-01 -6.852691e-01 
2
2
5 13 12 6 0 -1
8 13 6 6 0 2
haar_x4
1.035848e-01 0 1
2
9 13 1 6 0 -1
9 13 1 3 0 2
tilted_haar_x2
3.831343e-02 -1 -2
1.882029e-02 3.167587e-03 -5.605442e-01 
2
2
1 13 12 6 0 -1
4 13 6 6 0 2
haar_x4
2.618068e-02 0 1
2
9 13 6 1 0 -1
9 13 3 1 0 2
tilted_haar_x2
2.621231e-02 -1 -2
-2.203873e-01 2.753082e-01 -7.562869e-01 
2
3
1 8 16 10 0 -1
9 8 8 5 0 2
1 13 8 5 0 2
haar_x2_y2
1.215854e-01 0 1
2
10 3 2 1 0 -1
10 3 1 1 0 2
haar_x2
4.108085e-03 -1 -2
5.218998e-02 2.030786e-02 -9.213307e-01 
2
2
8 3 2 1 0 -1
9 3 1 1 0 2
haar_x2
-1.268198e-03 0 1
2
6 7 6 3 0 -1
9 7 3 3 0 2
haar_x2
-1.893317e-02 -1 -2
-5.432701e-01 4.595081e-01 -7.072446e-02 
2
2
0 9 18 10 0 -1
0 14 18 5 0 2
haar_y2
-2.122478e-01 0 1
2
7 6 8 12 0 -1
7 10 8 4 0 3
haar_y3
2.039926e-01 -1 -2
-7.954229e-01 3.384937e-02 -6.803253e-01 
2
2
3 6 8 12 0 -1
3 10 8 4 0 3
haar_y3
6.959018e-02 1 0
3
4 4 10 8 0 -1
4 4 5 4 0 2
9 8 5 4 0 2
haar_x2_y2
3.428232e-02 -1 -2
2.473692e-01 -4.341231e-01 2.122366e-01 
2
3
4 9 10 12 0 -1
9 9 5 6 0 2
4 15 5 6 0 2
haar_x2_y2
-1.031922e-01 1 0
3
1 8 16 10 0 -1
9 8 8 5 0 2
1 13 8 5 0 2
haar_x2_y2
1.215664e-01 -1 -2
3.531545e-02 4.557502e-02 -6.955423e-01 
2
3
1 2 2 2 0 -1
1 2 1 1 0 2
2 3 1 1 0 2
haar_x2_y2
3.011771e-03 1 0
2
5 1 3 3 0 -1
6 2 1 3 0 3
tilted_haar_x3
-3.100866e-02 -1 -2
4.819189e-01 5.709154e-01 -1.706666e-01 
2
2
0 0 18 3 0 -1
0 0 9 3 0 2
haar_x2
1.010618e-01 0 1
2
10 3 2 2 0 -1
10 3 1 2 0 2
haar_x2
6.810841e-03 -1 -2
6.328285e-02 2.760436e-02 -8.805497e-01 
2
2
1 7 2 4 0 -1
1 8 2 2 0 2
haar_y4
2.726731e-03 1 0
2
0 9 2 2 0 -1
0 10 2 1 0 2
haar_y2
6.853315e-04 -1 -2
-4.335685e-01 1.828555e-01 -2.589735e-01 
2
2
5 7 9 4 0 -1
8 7 3 4 0 3
haar_x3
5.420807e-02 1 0
2
7 7 6 5 0 -1
9 7 2 5 0 3
haar_x3
3.116296e-02 -1 -2
3.318185e-01 -5.951460e-02 2.510624e-01 
2
2
5 8 8 4 0 -1
7 8 4 4 0 2
haar_x4
-1.696071e-02 0 1
2
5 6 6 9 0 -1
7 9 2 3 0 9
haar_point
6.849875e-02 -1 -2
3.518070e-01 -3.257352e-01 1.496646e-01 
2
2
13 3 3 1 0 -1
14 4 1 1 0 3
tilted_haar_y3
1.096062e-02 0 1
3
4 8 10 12 0 -1
9 8 5 6 0 2
4 14 5 6 0 2
haar_x2_y2
-1.037969e-01 -1 -2
2.546215e-02 -9.073573e-01 4.341415e-02 
2
2
5 3 1 3 0 -1
4 4 1 1 0 3
tilted_haar_y3
-6.170429e-03 0 1
3
4 8 10 12 0 -1
4 8 5 6 0 2
9 14 5 6 0 2
haar_x2_y2
1.037969e-01 -1 -2
-6.450952e-01 7.456987e-02 -9.137343e-01 
2
3
1 8 16 10 0 -1
9 8 8 5 0 2
1 13 8 5 0 2
haar_x2_y2
1.215664e-01 0 1
2
12 0 1 3 0 -1
12 1 1 1 0 3
haar_y3
-3.073424e-03 -1 -2
3.578426e-02 3.235984e-01 -1.073459e-01 
2
3
2 6 12 4 0 -1
2 6 6 2 0 2
8 8 6 2 0 2
haar_x2_y2
-3.361162e-02 0 1
2
5 1 6 5 0 -1
7 3 2 5 0 3
tilted_haar_x3
1.169261e-01 -1 -2
4.094553e-01 -1.837534e-01 6.754043e-01 
2
2
9 17 1 3 0 -1
8 18 1 1 0 3
tilted_haar_x3
1.250285e-02 1 0
3
13 0 2 2 0 -1
14 0 1 1 0 2
13 1 1 1 0 2
haar_x2_y2
2.554424e-03 -1 -2
-7.046266e-01 -4.880719e-02 4.533641e-01 
2
2
8 12 4 5 0 -1
8 12 2 5 0 2
tilted_haar_x2
4.569710e-02 1 0
2
6 17 3 1 0 -1
7 18 1 1 0 3
tilted_haar_x3
5.764361e-03 -1 -2
-7.651277e-01 1.194338e-01 -5.640414e-01 
2
2
0 0 18 2 0 -1
0 0 9 2 0 2
haar_x2
5.461514e-02 0 1
2
4 0 13 2 0 -1
4 1 13 1 0 2
haar_y2
-1.697639e-02 -1 -2
5.787984e-02 2.458480e-01 -1.049063e-01 
2
2
0 0 18 2 0 -1
9 0 9 2 0 2
haar_x2
-5.461514e-02 0 1
2
1 0 13 2 0 -1
1 1 13 1 0 2
haar_y2
-8.277746e-03 -1 -2
-5.791445e-01 2.631716e-01 -1.795028e-01 
2
2
6 12 6 6 0 -1
8 14 2 2 0 9
haar_point
5.947509e-02 1 0
2
7 15 4 4 0 -1
7 17 4 2 0 2
haar_y2
-4.041863e-03 -1 -2
-5.972955e-01 1.202921e-01 -1.884805e-01 
2
3
1 18 8 4 0 -1
1 18 4 2 0 2
5 20 4 2 0 2
haar_x2_y2
-1.179268e-02 0 1
2
1 21 16 1 0 -1
5 21 8 1 0 2
haar_x4
1.271617e-02 -1 -2
3.333422e-01 -2.235930e-01 2.611540e-01 
2
3
13 1 2 2 0 -1
14 1 1 1 0 2
13 2 1 1 0 2
haar_x2_y2
2.484398e-03 1 0
2
15 0 2 1 0 -1
15 0 1 1 0 2
haar_x2
4.110858e-04 -1 -2
5.059410e-01 8.962435e-02 -2.433287e-01 
2
3
3 1 2 2 0 -1
3 1 1 1 0 2
4 2 1 1 0 2
haar_x2_y2
2.164794e-03 1 0
2
9 5 8 4 0 -1
8 6 8 2 0 2
tilted_haar_y4
2.519939e-02 -1 -2
3.319984e-01 -2.805768e-01 1.345235e-01 
2
2
15 10 1 3 0 -1
15 11 1 1 0 3
haar_y3
7.745333e-03 0 1
2
10 3 2 2 0 -1
10 3 1 2 0 2
haar_x2
6.810841e-03 -1 -2
1.685278e-02 2.334680e-02 -8.840650e-01 
2
2
2 10 1 3 0 -1
2 11 1 1 0 3
haar_y3
-1.234260e-03 0 1
2
6 3 2 2 0 -1
7 3 1 2 0 2
haar_x2
-2.085035e-03 -1 -2
-4.012913e-01 -5.915746e-01 1.307890e-01 
2
2
16 0 2 1 0 -1
16 0 1 1 0 2
haar_x2
-4.235234e-04 0 1
2
16 0 2 1 0 -1
16 0 1 1 0 2
haar_x2
-4.235234e-04 -1 -2
-2.471512e-01 -2.471512e-01 9.466865e-02 
2
2
9 6 8 2 0 -1
9 6 4 2 0 2
tilted_haar_x2
4.716504e-02 1 0
2
6 3 6 9 0 -1
8 6 2 3 0 9
haar_point
5.113995e-02 -1 -2
-6.531291e-01 -5.523119e-02 4.048181e-01 
2
2
7 6 6 6 0 -1
9 6 2 6 0 3
haar_x3
3.510140e-02 0 1
2
8 9 6 2 0 -1
10 9 2 2 0 3
haar_x3
1.561528e-02 -1 -2
-5.132713e-02 -8.224491e-02 3.417111e-01 
2
2
1 0 2 1 0 -1
2 0 1 1 0 2
haar_x2
4.830805e-04 1 0
2
0 0 2 1 0 -1
1 0 1 1 0 2
haar_x2
-6.594612e-04 -1 -2
-2.818995e-01 -3.093295e-01 2.430240e-01 
-1.903912e+00

6
-1
