6
2
2
8 10 3 4 0 -1
8 11 3 2 0 2
haar_y4
4.015265e-03 0 1
2
7 8 1 4 0 -1
7 10 1 2 0 2
haar_y2
1.274540e-03 -1 -2
-5.143059e-01 6.372623e-01 -7.096196e-01 
2
2
7 15 5 3 0 -1
7 16 5 1 0 3
haar_y3
2.284161e-03 0 1
2
2 4 3 2 0 -1
2 5 3 1 0 2
haar_y2
-6.818780e-05 -1 -2
-6.589527e-01 5.492089e-01 -6.266426e-01 
2
2
8 7 1 4 0 -1
8 8 1 2 0 2
haar_y4
1.009810e-03 1 0
2
5 7 12 2 0 -1
5 8 12 1 0 2
haar_y2
3.426053e-03 -1 -2
-8.267124e-01 -6.927789e-01 4.511148e-01 
2
2
14 6 4 1 0 -1
15 6 2 1 0 2
haar_x4
-6.658740e-05 1 0
2
13 9 4 10 0 -1
14 9 2 10 0 2
haar_x4
-1.747195e-03 -1 -2
-6.564058e-01 -7.868643e-01 4.519668e-01 
2
2
2 17 9 3 0 -1
5 18 3 1 0 9
haar_point
-8.005102e-03 1 0
2
7 17 9 3 0 -1
10 18 3 1 0 9
haar_point
-1.625898e-02 -1 -2
-7.108738e-01 5.278885e-01 -5.034884e-01 
2
2
10 1 2 5 0 -1
11 1 1 5 0 2
haar_x2
-1.345694e-03 1 0
2
2 15 1 4 0 -1
2 17 1 2 0 2
haar_y2
6.840711e-04 -1 -2
-7.949188e-01 4.185241e-01 -7.443929e-01 
-1.771345e+00

8
-1
