4
2
2
3 1 12 7 0 -1
7 1 4 7 0 3
haar_x3
5.872378e-02 0 1
2
2 7 14 2 0 -1
2 8 14 1 0 2
haar_y2
3.699135e-03 -1 -2
-8.327701e-01 -8.755279e-01 7.901034e-01 
2
2
14 1 4 6 0 -1
15 1 2 6 0 2
haar_x4
-2.565481e-03 0 1
2
16 7 2 7 0 -1
16 7 1 7 0 2
haar_x2
4.151595e-03 -1 -2
3.384600e-01 -3.043299e-01 4.174071e-01 
2
2
0 1 4 19 0 -1
1 1 2 19 0 2
haar_x4
-3.721197e-02 0 1
2
7 3 4 11 0 -1
8 3 2 11 0 2
haar_x4
2.693632e-02 -1 -2
8.686259e-01 -8.538793e-01 6.429940e-01 
2
2
3 11 12 6 0 -1
7 13 4 2 0 9
haar_point
-2.355952e-02 1 0
2
1 2 16 12 0 -1
1 8 16 6 0 2
haar_y2
6.712671e-02 -1 -2
-8.868817e-01 -9.070947e-01 2.510653e-01 
-1.739914e+00

0
-1
