5
2
2
1 0 4 2 0 -1
1 1 4 1 0 2
haar_y2
-3.494777e-03 1 0
2
7 10 8 10 0 -1
7 15 8 5 0 2
haar_y2
-2.582804e-02 -1 -2
-7.277762e-01 6.312200e-01 -7.458703e-01 
2
2
0 7 3 6 0 -1
1 7 1 6 0 3
haar_x3
-1.948139e-02 0 1
2
0 15 3 4 0 -1
1 15 1 4 0 3
haar_x3
1.835834e-02 -1 -2
6.234156e-01 -8.298118e-01 6.943590e-01 
2
2
16 0 2 4 0 -1
15 1 2 2 0 2
tilted_haar_y4
-4.337783e-03 1 0
2
8 7 8 4 0 -1
8 9 8 2 0 2
haar_y2
2.521643e-03 -1 -2
-7.813224e-01 -9.193345e-01 5.139301e-01 
2
3
3 18 10 2 0 -1
3 18 5 1 0 2
8 19 5 1 0 2
haar_x2_y2
-1.664472e-03 1 0
2
2 2 8 17 0 -1
6 2 4 17 0 2
haar_x2
9.566905e-02 -1 -2
-8.235295e-01 -5.085064e-01 6.096185e-01 
2
2
14 19 4 1 0 -1
16 19 2 1 0 2
haar_x2
2.384416e-03 0 1
2
11 9 5 8 0 -1
11 13 5 4 0 2
haar_y2
-4.465310e-05 -1 -2
-6.493007e-01 5.384282e-01 -9.584897e-01 
-1.328759e+00

6
-1
