23
2
2
0 4 19 12 0 -1
0 7 19 6 0 2
haar_y4
3.527106e-01 0 1
2
2 5 15 2 0 -1
7 5 5 2 0 3
haar_x3
3.170832e-02 -1 -2
-3.080491e-01 -4.782925e-01 6.336977e-01 
2
2
11 12 3 1 0 -1
12 13 1 1 0 3
tilted_haar_y3
3.839008e-03 0 1
2
12 16 2 1 0 -1
12 16 1 1 0 2
tilted_haar_y2
-8.273248e-03 -1 -2
-7.168967e-02 -8.163958e-01 4.968277e-02 
2
3
8 8 2 8 0 -1
8 8 1 4 0 2
9 12 1 4 0 2
haar_x2_y2
-1.581223e-03 1 0
2
3 15 13 3 0 -1
3 16 13 1 0 3
haar_y3
-1.816100e-02 -1 -2
-4.417556e-01 6.177860e-01 -3.351170e-03 
2
2
17 5 1 2 0 -1
17 6 1 1 0 2
haar_y2
1.595399e-03 0 1
3
15 4 4 6 0 -1
17 4 2 3 0 2
15 7 2 3 0 2
haar_x2_y2
2.024053e-03 -1 -2
-3.486737e-01 -2.177757e-01 1.440102e-01 
2
2
1 5 1 2 0 -1
1 6 1 1 0 2
haar_y2
4.557339e-05 0 1
2
5 11 1 2 0 -1
5 11 1 1 0 2
tilted_haar_y2
5.273158e-03 -1 -2
-3.448048e-01 3.899978e-01 -6.924173e-01 
2
2
10 3 1 4 0 -1
9 4 1 2 0 2
tilted_haar_x4
-4.749502e-03 0 1
2
10 3 1 3 0 -1
10 4 1 1 0 3
haar_y3
3.463232e-03 -1 -2
1.030572e-01 2.008135e-02 -8.343639e-01 
2
2
1 0 17 2 0 -1
1 1 17 1 0 2
haar_y2
2.463297e-02 1 0
2
0 0 8 3 0 -1
0 1 8 1 0 3
haar_y3
-1.469269e-02 -1 -2
2.553083e-01 3.731729e-01 -4.701037e-01 
2
2
10 3 1 4 0 -1
9 4 1 2 0 2
tilted_haar_x4
-3.305079e-03 0 1
2
17 10 1 6 0 -1
17 10 1 3 0 2
tilted_haar_x2
1.554312e-02 -1 -2
6.003151e-02 -1.517759e-01 1.331471e-01 
2
2
3 2 4 3 0 -1
4 2 2 3 0 2
haar_x4
-9.799968e-04 1 0
2
2 13 3 3 0 -1
2 14 3 1 0 3
haar_y3
3.739900e-03 -1 -2
-4.057584e-01 2.399643e-01 -7.429112e-01 
2
3
10 14 4 2 0 -1
12 14 2 1 0 2
10 15 2 1 0 2
haar_x2_y2
1.041422e-03 1 0
2
7 13 5 3 0 -1
7 14 5 1 0 3
haar_y3
-8.655122e-03 -1 -2
2.694286e-01 3.548559e-01 -1.035656e-01 
2
2
9 3 4 1 0 -1
10 4 2 1 0 2
tilted_haar_x4
2.841004e-03 0 1
2
7 5 4 3 0 -1
7 6 4 1 0 3
haar_y3
-3.635524e-03 -1 -2
-5.121254e-01 -7.366963e-01 1.770169e-01 
2
3
12 8 2 2 0 -1
13 8 1 1 0 2
12 9 1 1 0 2
haar_x2_y2
-1.949337e-03 1 0
2
12 7 2 1 0 -1
12 7 1 1 0 2
tilted_haar_y2
-2.163264e-03 -1 -2
1.619642e-03 -6.674986e-01 6.494445e-02 
2
3
5 8 2 2 0 -1
5 8 1 1 0 2
6 9 1 1 0 2
haar_x2_y2
-5.142015e-05 1 0
2
7 7 1 2 0 -1
7 7 1 1 0 2
tilted_haar_y2
-5.874214e-04 -1 -2
-3.515792e-01 3.555748e-01 -7.473000e-01 
2
3
13 15 4 4 0 -1
15 15 2 2 0 2
13 17 2 2 0 2
haar_x2_y2
4.313327e-03 1 0
2
6 14 7 3 0 -1
6 15 7 1 0 3
haar_y3
-2.269549e-02 -1 -2
1.652635e-01 6.646588e-01 -1.032689e-01 
2
2
7 12 5 3 0 -1
7 13 5 1 0 3
haar_y3
-7.709596e-03 0 1
3
3 11 10 4 0 -1
3 11 5 2 0 2
8 13 5 2 0 2
haar_x2_y2
1.659954e-02 -1 -2
3.929296e-01 -4.547853e-01 2.895949e-01 
2
3
1 10 18 6 0 -1
10 10 9 3 0 2
1 13 9 3 0 2
haar_x2_y2
-3.624773e-02 1 0
2
14 7 3 2 0 -1
15 7 1 2 0 3
haar_x3
-2.763010e-03 -1 -2
1.402789e-01 -6.680258e-01 6.341254e-02 
2
2
9 8 1 2 0 -1
9 9 1 1 0 2
haar_y2
2.528894e-05 0 1
2
9 7 1 3 0 -1
9 8 1 1 0 3
haar_y3
-8.595017e-04 -1 -2
-4.202858e-01 -6.200700e-01 2.781345e-01 
2
2
13 8 3 1 0 -1
14 9 1 1 0 3
tilted_haar_y3
4.130308e-03 1 0
2
8 16 3 1 0 -1
9 16 1 1 0 3
haar_x3
-4.939139e-04 -1 -2
-8.024026e-01 -5.604568e-01 1.046135e-01 
2
3
0 7 18 12 0 -1
0 7 9 6 0 2
9 13 9 6 0 2
haar_x2_y2
9.981197e-02 1 0
2
5 0 5 18 0 -1
5 9 5 9 0 2
haar_y2
9.258997e-02 -1 -2
-7.839455e-01 2.581091e-01 -5.852584e-01 
2
2
14 7 3 2 0 -1
15 7 1 2 0 3
haar_x3
-2.757863e-03 1 0
2
16 14 2 3 0 -1
16 15 2 1 0 3
haar_y3
-5.207120e-03 -1 -2
4.291375e-02 -6.012492e-01 2.613689e-02 
2
2
4 6 10 11 0 -1
9 6 5 11 0 2
haar_x2
-7.493767e-02 0 1
2
8 6 2 9 0 -1
9 6 1 9 0 2
haar_x2
7.787525e-03 -1 -2
5.172799e-01 -6.598766e-01 9.868938e-03 
2
2
14 7 3 2 0 -1
15 7 1 2 0 3
haar_x3
-4.034667e-03 1 0
2
16 14 2 3 0 -1
16 15 2 1 0 3
haar_y3
3.574059e-03 -1 -2
4.280794e-02 4.870078e-02 -5.548265e-01 
2
2
2 7 3 2 0 -1
3 7 1 2 0 3
haar_x3
2.959565e-03 1 0
2
1 14 2 3 0 -1
1 15 2 1 0 3
haar_y3
-3.700629e-03 -1 -2
-7.406532e-01 -7.801072e-01 1.356859e-01 
-1.711588e+00

49
-1
