13
2
2
0 4 19 12 0 -1
0 7 19 6 0 2
haar_y4
3.636337e-01 0 1
2
5 2 6 9 0 -1
8 2 3 9 0 2
haar_x2
5.447663e-02 -1 -2
-4.089925e-01 -4.314128e-01 7.533850e-01 
2
3
15 4 4 6 0 -1
17 4 2 3 0 2
15 7 2 3 0 2
haar_x2_y2
2.265618e-03 0 1
2
2 1 15 5 0 -1
7 1 5 5 0 3
haar_x3
8.614191e-02 -1 -2
-2.094997e-01 -5.775374e-01 2.914672e-01 
2
2
2 8 6 4 0 -1
5 8 3 4 0 2
haar_x2
-5.937159e-03 1 0
2
8 6 1 2 0 -1
8 6 1 1 0 2
tilted_haar_y2
-8.225474e-04 -1 -2
-6.050601e-01 4.941590e-01 -5.737910e-01 
2
2
3 1 13 6 0 -1
3 3 13 2 0 3
haar_y3
-7.596901e-02 1 0
2
18 1 1 8 0 -1
18 3 1 4 0 2
haar_y4
-2.946046e-03 -1 -2
-4.215011e-01 2.109539e-01 -5.241507e-01 
2
2
0 1 1 8 0 -1
0 3 1 4 0 2
haar_y4
-9.793163e-03 0 1
2
8 5 1 3 0 -1
8 6 1 1 0 3
haar_y3
-1.623952e-03 -1 -2
-6.182232e-01 -7.480709e-01 4.202574e-01 
2
2
10 5 1 3 0 -1
10 6 1 1 0 3
haar_y3
1.494586e-03 1 0
2
13 6 3 10 0 -1
14 7 1 10 0 3
tilted_haar_y3
3.469869e-02 -1 -2
-6.208228e-01 1.477382e-02 -8.335844e-01 
2
2
6 6 10 3 0 -1
5 7 10 1 0 3
tilted_haar_y3
2.201938e-04 1 0
2
8 9 1 3 0 -1
8 10 1 1 0 3
haar_y3
5.234286e-05 -1 -2
-4.157954e-01 -3.772020e-01 5.121203e-01 
2
2
10 5 1 3 0 -1
10 6 1 1 0 3
haar_y3
-1.155524e-03 1 0
3
12 17 4 2 0 -1
14 17 2 1 0 2
12 18 2 1 0 2
haar_x2_y2
8.949732e-03 -1 -2
1.149417e-01 1.992713e-02 -8.007715e-01 
2
2
2 0 15 3 0 -1
2 1 15 1 0 3
haar_y3
7.037799e-02 1 0
2
4 0 4 2 0 -1
4 1 4 1 0 2
haar_y2
-1.127577e-02 -1 -2
5.181841e-01 4.732370e-01 -4.896564e-01 
2
3
13 17 2 2 0 -1
14 17 1 1 0 2
13 18 1 1 0 2
haar_x2_y2
3.043859e-03 0 1
2
10 5 1 3 0 -1
10 6 1 1 0 3
haar_y3
-1.139773e-03 -1 -2
2.052656e-02 -6.804216e-01 1.032080e-01 
2
3
4 17 2 2 0 -1
4 17 1 1 0 2
5 18 1 1 0 2
haar_x2_y2
9.019386e-05 0 1
2
8 5 1 3 0 -1
8 6 1 1 0 3
haar_y3
1.564005e-03 -1 -2
-4.649712e-01 3.763537e-01 -8.570561e-01 
2
2
16 6 1 2 0 -1
16 7 1 1 0 2
haar_y2
4.347058e-04 0 1
2
10 6 3 1 0 -1
11 7 1 1 0 3
tilted_haar_y3
3.439564e-04 -1 -2
-7.910407e-01 -6.399736e-01 1.459707e-01 
2
2
3 8 10 3 0 -1
3 9 10 1 0 3
haar_y3
3.184323e-05 0 1
2
8 6 1 3 0 -1
8 7 1 1 0 3
haar_y3
-1.087675e-03 -1 -2
-6.604898e-01 -7.209431e-01 4.062574e-01 
-1.860277e+00

15
-1
