7
2
2
7 10 4 4 0 -1
7 11 4 2 0 2
haar_y4
5.756143e-03 0 1
2
7 8 4 2 0 -1
7 9 4 1 0 2
haar_y2
3.088005e-03 -1 -2
-4.673291e-01 5.871643e-01 -9.011048e-01 
2
2
8 16 4 3 0 -1
9 16 2 3 0 2
haar_x4
7.316937e-03 0 1
2
7 6 4 4 0 -1
7 7 4 2 0 2
haar_y4
2.837481e-03 -1 -2
1.487564e-01 2.083240e-01 -7.463434e-01 
2
3
5 16 4 2 0 -1
5 16 2 1 0 2
7 17 2 1 0 2
haar_x2_y2
-6.382214e-04 1 0
2
7 12 4 4 0 -1
6 13 4 2 0 2
tilted_haar_y4
-8.398574e-03 -1 -2
-5.648197e-01 -9.035874e-01 4.215850e-01 
2
2
8 16 4 3 0 -1
9 16 2 3 0 2
haar_x4
-5.420724e-03 0 1
2
14 14 3 6 0 -1
14 16 3 2 0 3
haar_y3
1.139819e-02 -1 -2
-8.143232e-01 3.610912e-02 -8.815829e-01 
2
2
6 16 4 3 0 -1
7 16 2 3 0 2
haar_x4
-7.011212e-03 0 1
2
8 14 1 2 0 -1
8 14 1 1 0 2
tilted_haar_y2
1.152123e-03 -1 -2
-9.300277e-01 3.892131e-01 -7.855123e-01 
2
3
12 6 2 2 0 -1
13 6 1 1 0 2
12 7 1 1 0 2
haar_x2_y2
-7.148848e-04 1 0
2
13 2 3 11 0 -1
14 2 1 11 0 3
haar_x3
-5.733272e-03 -1 -2
-5.868898e-01 -7.061460e-01 7.341644e-02 
2
2
3 5 12 1 0 -1
7 5 4 1 0 3
haar_x3
1.063564e-02 0 1
2
2 7 12 1 0 -1
5 7 6 1 0 2
haar_x4
1.761313e-02 -1 -2
-5.743360e-01 5.529388e-01 -8.855523e-01 
-1.619296e+00

14
-1
