6
2
2
7 10 4 4 0 -1
7 11 4 2 0 2
haar_y4
4.591742e-03 0 1
3
7 9 6 2 0 -1
7 9 3 1 0 2
10 10 3 1 0 2
haar_x2_y2
3.244489e-03 -1 -2
-4.915596e-01 5.590034e-01 -8.793541e-01 
2
2
12 6 3 1 0 -1
13 6 1 1 0 3
haar_x3
-4.637953e-03 0 1
2
1 16 16 4 0 -1
9 16 8 4 0 2
haar_x2
-1.399577e-01 -1 -2
5.118137e-01 5.505378e-01 -6.024792e-01 
2
2
7 9 10 5 0 -1
12 9 5 5 0 2
haar_x2
8.808483e-02 1 0
2
8 4 6 11 0 -1
10 4 2 11 0 3
haar_x3
-1.135073e-01 -1 -2
6.444284e-01 4.125205e-01 -6.212080e-01 
2
2
1 1 16 19 0 -1
9 1 8 19 0 2
haar_x2
7.324420e-01 1 0
2
4 5 3 6 0 -1
4 8 3 3 0 2
haar_y2
3.384166e-02 -1 -2
8.341482e-01 -6.722710e-01 3.274525e-01 
2
2
13 0 2 15 0 -1
13 5 2 5 0 3
haar_y3
-3.470355e-03 1 0
2
7 6 3 4 0 -1
7 7 3 2 0 2
haar_y4
3.638088e-03 -1 -2
-7.371241e-01 4.600449e-01 -7.955328e-01 
2
2
9 16 8 4 0 -1
9 17 8 2 0 2
haar_y4
-7.315010e-04 1 0
2
10 16 7 4 0 -1
10 18 7 2 0 2
haar_y2
3.329209e-03 -1 -2
-8.658566e-01 3.516223e-01 -8.464780e-01 
-1.575850e+00

11
-1
