13
2
2
3 0 12 3 0 -1
3 1 12 1 0 3
haar_y3
2.553852e-02 1 0
2
1 0 3 1 0 -1
2 1 1 1 0 3
tilted_haar_x3
-6.146551e-03 -1 -2
5.921677e-01 5.993911e-01 -6.824701e-01 
2
3
15 4 4 6 0 -1
17 4 2 3 0 2
15 7 2 3 0 2
haar_x2_y2
2.555849e-05 0 1
2
15 8 1 3 0 -1
15 9 1 1 0 3
haar_y3
3.803404e-04 -1 -2
-6.545786e-01 -8.257512e-01 1.408468e-01 
2
2
4 6 4 3 0 -1
3 7 4 1 0 3
tilted_haar_y3
1.734281e-03 0 1
2
2 1 15 7 0 -1
7 1 5 7 0 3
haar_x3
1.203294e-01 -1 -2
-9.233153e-01 -8.572705e-01 5.243272e-01 
2
2
17 11 1 6 0 -1
17 11 1 3 0 2
tilted_haar_x2
2.701144e-05 0 1
2
12 6 2 2 0 -1
12 7 2 1 0 2
haar_y2
5.949249e-04 -1 -2
-6.772540e-01 -9.674656e-01 1.245134e-01 
2
2
9 4 4 1 0 -1
10 5 2 1 0 2
tilted_haar_x4
1.731691e-03 0 1
2
2 10 6 1 0 -1
2 10 3 1 0 2
tilted_haar_x2
7.721579e-03 -1 -2
-9.634111e-01 -9.179207e-01 5.444954e-01 
2
2
12 11 3 5 0 -1
13 12 1 5 0 3
tilted_haar_y3
-3.819883e-03 1 0
2
10 1 2 9 0 -1
10 1 1 9 0 2
tilted_haar_y2
-8.008518e-05 -1 -2
-7.399178e-01 2.276557e-02 -9.616497e-01 
2
2
3 7 7 4 0 -1
3 8 7 2 0 2
haar_y4
4.468732e-03 0 1
2
4 5 6 2 0 -1
4 6 6 1 0 2
haar_y2
3.144183e-03 -1 -2
-9.939643e-01 -9.545364e-01 6.210287e-01 
2
2
15 8 3 6 0 -1
16 9 1 6 0 3
tilted_haar_y3
5.036658e-05 0 1
2
9 9 2 1 0 -1
9 9 1 1 0 2
haar_x2
-2.951780e-05 -1 -2
-7.041528e-01 1.998540e-01 -8.267662e-01 
2
2
4 8 7 3 0 -1
3 9 7 1 0 3
tilted_haar_y3
7.915911e-04 1 0
2
7 7 3 2 0 -1
8 8 1 2 0 3
tilted_haar_x3
-6.484553e-03 -1 -2
7.252516e-01 6.222316e-01 -7.376709e-01 
2
2
8 11 4 4 0 -1
8 12 4 2 0 2
haar_y4
-1.024180e-02 0 1
2
11 0 4 11 0 -1
12 1 2 11 0 2
tilted_haar_y4
8.526690e-05 -1 -2
5.134708e-01 -9.102063e-01 9.848744e-02 
2
2
9 7 2 2 0 -1
9 7 1 2 0 2
tilted_haar_x2
-1.231545e-03 1 0
3
1 15 6 4 0 -1
1 15 3 2 0 2
4 17 3 2 0 2
haar_x2_y2
8.548785e-03 -1 -2
-9.688314e-01 -3.576837e-01 6.385860e-01 
2
2
17 10 1 2 0 -1
17 11 1 1 0 2
haar_y2
-3.192407e-05 1 0
2
18 5 1 9 0 -1
18 8 1 3 0 3
haar_y3
8.351488e-03 -1 -2
-9.462016e-01 -9.609205e-01 2.046795e-01 
2
2
1 9 3 4 0 -1
2 9 1 4 0 3
haar_x3
2.769511e-05 0 1
2
4 10 5 2 0 -1
4 11 5 1 0 2
haar_y2
-1.859362e-03 -1 -2
-8.038126e-01 4.490858e-01 -9.679056e-01 
-1.893002e+00

32
-1
