15
2
2
0 4 19 12 0 -1
0 7 19 6 0 2
haar_y4
4.052472e-01 1 0
2
7 10 4 3 0 -1
6 11 4 1 0 3
tilted_haar_y3
2.671731e-03 -1 -2
4.983409e-01 -6.799766e-01 1.155339e-01 
2
2
5 0 9 3 0 -1
5 1 9 1 0 3
haar_y3
2.115258e-02 1 0
2
16 0 3 17 0 -1
17 0 1 17 0 3
haar_x3
5.855359e-04 -1 -2
3.470398e-01 -3.082948e-01 1.358760e-01 
2
2
2 2 15 4 0 -1
7 2 5 4 0 3
haar_x3
1.308311e-01 0 1
2
0 9 8 2 0 -1
2 9 4 2 0 2
haar_x4
5.005652e-03 -1 -2
-4.516240e-01 -5.248267e-01 5.325545e-01 
2
2
8 9 3 4 0 -1
8 10 3 2 0 2
haar_y4
5.907530e-03 1 0
2
7 12 5 2 0 -1
7 13 5 1 0 2
haar_y2
4.628374e-03 -1 -2
3.744952e-01 -1.691330e-01 3.886635e-01 
2
2
0 4 2 15 0 -1
1 4 1 15 0 2
haar_x2
-2.055873e-02 0 1
2
0 1 2 2 0 -1
1 1 1 2 0 2
haar_x2
2.790076e-03 -1 -2
5.484608e-01 -5.203949e-01 2.281318e-01 
2
2
13 10 2 1 0 -1
13 10 1 1 0 2
haar_x2
-4.247164e-04 1 0
3
12 17 6 2 0 -1
15 17 3 1 0 2
12 18 3 1 0 2
haar_x2_y2
1.769672e-03 -1 -2
-1.588692e-01 -3.074608e-01 3.165615e-01 
2
2
4 10 2 1 0 -1
5 10 1 1 0 2
haar_x2
-2.436379e-05 1 0
2
7 6 1 2 0 -1
7 6 1 1 0 2
tilted_haar_y2
-1.153392e-03 -1 -2
-5.673128e-01 3.681854e-01 -7.350898e-01 
2
2
17 13 1 3 0 -1
17 14 1 1 0 3
haar_y3
1.440882e-03 0 1
2
17 13 1 3 0 -1
17 14 1 1 0 3
haar_y3
1.440882e-03 -1 -2
7.331141e-02 7.331141e-02 -7.408257e-01 
2
2
0 1 19 6 0 -1
0 3 19 2 0 3
haar_y3
-6.772894e-02 1 0
2
0 1 1 6 0 -1
0 3 1 2 0 3
haar_y3
-8.986106e-03 -1 -2
-5.499526e-01 -5.930985e-01 3.279653e-01 
2
3
1 7 18 2 0 -1
10 7 9 1 0 2
1 8 9 1 0 2
haar_x2_y2
1.002760e-02 0 1
2
10 6 1 3 0 -1
10 7 1 1 0 3
haar_y3
-1.140057e-03 -1 -2
1.306306e-01 -6.800972e-01 6.126323e-02 
2
2
8 6 1 3 0 -1
8 7 1 1 0 3
haar_y3
1.571883e-03 1 0
2
7 12 5 3 0 -1
7 13 5 1 0 3
haar_y3
-8.801949e-03 -1 -2
-8.675278e-01 4.407329e-01 -2.201097e-01 
2
3
9 10 2 2 0 -1
10 10 1 1 0 2
9 11 1 1 0 2
haar_x2_y2
-7.801057e-04 1 0
2
17 13 1 3 0 -1
17 14 1 1 0 3
haar_y3
-2.971611e-03 -1 -2
9.571905e-02 -7.971945e-01 3.961182e-02 
2
2
1 13 1 3 0 -1
1 14 1 1 0 3
haar_y3
-1.280106e-03 0 1
3
8 10 2 2 0 -1
8 10 1 1 0 2
9 11 1 1 0 2
haar_x2_y2
3.920292e-04 -1 -2
-7.165470e-01 1.796251e-01 -7.316895e-01 
2
2
16 16 1 3 0 -1
16 17 1 1 0 3
haar_y3
3.704472e-03 0 1
3
7 17 8 2 0 -1
11 17 4 1 0 2
7 18 4 1 0 2
haar_x2_y2
-1.145455e-03 -1 -2
6.105438e-03 1.757975e-01 -2.060611e-01 
2
2
2 16 1 3 0 -1
2 17 1 1 0 3
haar_y3
-9.229159e-04 0 1
3
4 17 8 2 0 -1
4 17 4 1 0 2
8 18 4 1 0 2
haar_x2_y2
-5.155126e-03 -1 -2
-6.103470e-01 6.155928e-01 -9.831530e-02 
-1.659308e+00

27
-1
