7
2
3
10 0 8 2 0 -1
10 0 4 1 0 2
14 1 4 1 0 2
haar_x2_y2
-7.527550e-03 0 1
2
13 3 2 6 0 -1
11 5 2 2 0 3
tilted_haar_y3
5.961161e-02 -1 -2
5.215816e-01 -6.163392e-01 5.082479e-01 
2
3
2 5 2 2 0 -1
2 5 1 1 0 2
3 6 1 1 0 2
haar_x2_y2
4.348976e-05 0 1
2
4 4 1 3 0 -1
3 5 1 1 0 3
tilted_haar_y3
-2.562155e-05 -1 -2
-6.565850e-01 4.758179e-01 -8.759111e-01 
2
2
1 13 16 1 0 -1
5 13 8 1 0 2
haar_x4
-1.101898e-02 1 0
2
1 12 2 6 0 -1
1 14 2 2 0 3
haar_y3
5.998529e-03 -1 -2
-6.331893e-01 4.476658e-01 -9.536307e-01 
2
2
7 15 2 3 0 -1
7 16 2 1 0 3
haar_y3
1.569047e-03 0 1
2
16 11 2 6 0 -1
16 13 2 2 0 3
haar_y3
6.041383e-03 -1 -2
-5.519944e-01 5.092780e-01 -8.616906e-01 
2
2
14 6 4 2 0 -1
15 6 2 2 0 2
haar_x4
-1.234050e-03 1 0
2
16 2 1 8 0 -1
16 6 1 4 0 2
haar_y2
-4.348593e-04 -1 -2
-5.397317e-01 -7.591174e-01 4.971661e-01 
2
2
14 5 2 8 0 -1
14 5 1 8 0 2
tilted_haar_x2
-2.365683e-02 0 1
2
5 5 6 3 0 -1
7 5 2 3 0 3
haar_x3
3.713092e-02 -1 -2
6.382030e-01 -6.637753e-01 5.995448e-01 
2
3
1 5 4 10 0 -1
1 5 2 5 0 2
3 10 2 5 0 2
haar_x2_y2
-1.895227e-03 0 1
2
7 1 2 4 0 -1
7 3 2 2 0 2
haar_y2
-2.408791e-03 -1 -2
-6.999576e-01 5.602466e-01 -4.612256e-01 
-1.740007e+00

10
-1
