7
2
2
1 0 17 9 0 -1
1 3 17 3 0 3
haar_y3
-1.508471e-01 1 0
2
8 1 2 8 0 -1
9 1 1 8 0 2
haar_x2
7.053656e-03 -1 -2
-7.391593e-01 -4.048847e-01 8.808292e-01 
2
2
5 0 9 3 0 -1
5 1 9 1 0 3
haar_y3
2.015732e-02 1 0
2
7 10 5 2 0 -1
7 11 5 1 0 2
haar_y2
-4.946838e-03 -1 -2
7.929043e-01 5.297586e-01 -3.123649e-01 
2
2
4 2 2 15 0 -1
4 7 2 5 0 3
haar_y3
6.076418e-02 0 1
2
2 1 15 6 0 -1
7 1 5 6 0 3
haar_x3
9.325309e-02 -1 -2
-7.487997e-01 -5.365934e-01 6.759013e-01 
2
2
12 17 1 2 0 -1
12 18 1 1 0 2
haar_y2
2.809966e-04 0 1
2
11 6 1 6 0 -1
9 8 1 2 0 3
tilted_haar_x3
2.165519e-02 -1 -2
-3.826165e-01 -3.706544e-02 -6.880148e-01 
2
2
9 7 4 1 0 -1
10 8 2 1 0 2
tilted_haar_x4
4.332460e-03 0 1
2
0 2 19 16 0 -1
0 6 19 8 0 2
haar_y4
1.485466e-01 -1 -2
-5.396890e-01 -3.176245e-01 6.222774e-01 
2
2
12 17 1 2 0 -1
12 18 1 1 0 2
haar_y2
5.369181e-05 0 1
2
13 12 2 4 0 -1
13 12 1 4 0 2
tilted_haar_y2
1.248053e-02 -1 -2
-1.448878e-01 6.335867e-02 -2.977458e-01 
2
2
6 12 4 2 0 -1
6 12 4 1 0 2
tilted_haar_y2
1.440311e-04 0 1
2
2 8 6 9 0 -1
5 8 3 9 0 2
haar_x2
-1.574293e-02 -1 -2
-5.270240e-01 6.631896e-01 -3.075515e-01 
-1.992121e+00

5
-1
