5
2
2
3 16 12 4 0 -1
3 17 12 2 0 2
haar_y4
-1.090378e-02 1 0
2
1 6 16 8 0 -1
1 8 16 4 0 2
haar_y4
3.095689e-02 -1 -2
-7.549257e-01 -7.244060e-01 6.956356e-01 
2
2
1 1 16 4 0 -1
1 2 16 2 0 2
haar_y4
-1.270479e-02 0 1
2
0 0 18 2 0 -1
0 1 18 1 0 2
haar_y2
-3.644899e-02 -1 -2
5.602458e-01 7.948272e-01 -2.405455e-01 
2
2
9 10 3 1 0 -1
10 11 1 1 0 3
tilted_haar_x3
8.491486e-03 1 0
2
6 7 6 8 0 -1
9 7 3 8 0 2
haar_x2
-9.685902e-02 -1 -2
5.933499e-01 5.779830e-01 -7.800952e-01 
2
2
1 3 16 17 0 -1
1 3 8 17 0 2
haar_x2
-5.122484e-01 1 0
2
13 4 1 4 0 -1
13 5 1 2 0 2
haar_y4
-1.822005e-03 -1 -2
-4.358684e-01 4.442924e-01 -7.251557e-01 
2
2
9 0 2 4 0 -1
9 0 2 2 0 2
tilted_haar_y2
9.790804e-03 0 1
2
3 13 12 6 0 -1
6 13 6 6 0 2
haar_x4
-2.029234e-03 -1 -2
-7.362757e-01 6.413327e-01 -8.600799e-01 
-1.589632e+00

3
-1
